,dates,prediction,+,-
0,2020-03-13,0.0,0.0,0.0
1,2020-03-14,7.466015269556376e-06,9.256495056117903e-07,-9.273299038178774e-07
2,2020-03-15,0.0001445715299830771,1.7804118115259443e-05,-1.786292605064586e-05
3,2020-03-16,0.001121449911431271,0.0001374804571415676,-0.00013807244007845603
4,2020-03-17,0.006224868612617854,0.0007605851836726806,-0.0007644158200041211
5,2020-03-18,0.026598314504379956,0.0032382050370094694,-0.003257085222886834
6,2020-03-19,0.08892884578010996,0.01077922368473272,-0.010852473720828718
7,2020-03-20,0.24280520702176414,0.029285422195356986,-0.029516291266920347
8,2020-03-21,0.5669498243559535,0.06802286159322557,-0.0686374929440135
9,2020-03-22,1.1745363963325586,0.1401638300288155,-0.14159550120960485
10,2020-03-23,2.21773922887916,0.2632234984027404,-0.2662235499508041
11,2020-03-24,3.891546373171133,0.4594000620522225,-0.46517589439484164
12,2020-03-25,6.43682495506909,0.7558210850147677,-0.7662007312101942
13,2020-03-26,10.14261913297284,1.1846973493316124,-1.2023193725076755
14,2020-03-27,15.34766980878278,1.7833862264732332,-1.8119130310921108
15,2020-03-28,22.44115789237791,2.5943677862694976,-2.6387198695794325
16,2020-03-29,31.86268718890671,3.6651382312064875,-3.731746437232893
17,2020-03-30,44.10153466689881,5.048026324818977,-5.1450987934057935
18,2020-03-31,59.69521114932781,6.7999397221973155,-6.937739961285381
19,2020-04-01,79.22737045620364,8.982047835217898,-9.173180141452747
20,2020-04-02,103.32513981061504,11.659410384673876,-11.919108796558902
21,2020-04-03,132.65591536549974,14.90055826465246,-15.24697514708717
22,2020-04-04,167.92369512712273,18.77703575310025,-19.231526239760967
23,2020-04-05,209.86501394708452,23.362911775776922,-23.95031037737806
24,2020-04-06,259.2445457093086,28.73426801381231,-29.483153893845127
25,2020-04-07,316.85043983461964,34.96867154771638,-35.91161919033658
26,2020-04-08,383.4894559180294,42.14463878209256,-43.31845104040724
27,2020-04-09,459.9819589821804,50.341097521415406,-51.78701837830846
28,2020-04-10,547.1568356235862,59.63685292250523,-61.40075736080928
29,2020-04-11,645.8463826618545,70.1100641008411,-72.24262348413276
30,2020-04-12,756.8812277899837,81.83773332492603,-84.39455389970442
31,2020-04-13,881.0853255924114,94.89521676120273,-97.93695041638034
32,2020-04-14,1019.2710703207324,109.35575626876903,-112.94818240470852
33,2020-04-15,1172.2345697246346,125.2900378217696,-129.5041150872289
34,2020-04-16,1340.7511119369876,142.76577900237135,-147.67766782497506
35,2020-04-17,1525.5708570318975,161.8473471429602,-167.53840153154647
36,2020-04-18,1727.4147733078446,182.59541280380654,-189.1521416502203
37,2020-04-19,1946.9708572338484,205.0666244120896,-212.58062645114205
38,2020-04-20,2184.8906376343552,229.3133493211012,-237.8812110891945
39,2020-04-21,2441.7859636038534,255.38341639908776,-265.1065748047945
40,2020-04-22,2718.2261948217656,283.31986763496707,-294.30453646212527
41,2020-04-23,3014.735454530921,313.1608908932635,-325.517763410166
42,2020-04-24,3331.7906128845534,344.93956530986907,-358.78369326387474
43,2020-04-25,3669.819252901608,378.6838135729449,-394.1343650984327
44,2020-04-26,4029.198104353058,414.4163115317683,-431.5963405321909
45,2020-04-27,4410.251758106742,452.15446673246333,-471.1906250982279
46,2020-04-28,4813.251721839832,491.9103777012351,-512.9326594316262
47,2020-04-29,5238.415739803585,533.6908688821304,-556.8323123004557
48,2020-04-30,5685.90742722497,577.4975293989819,-602.8939103262846
49,2020-05-01,6155.836177654022,623.3267916166369,-651.1162985720484
50,2020-05-02,6648.257338364356,671.1700044786812,-701.4929186827485
51,2020-05-03,7163.172649967758,721.013540603527,-754.0119325966689
52,2020-05-04,7700.530860526379,772.8389960601608,-808.6563166569513
53,2020-05-05,8260.228690681664,826.6232573416164,-865.4040490896123
54,2020-05-06,8842.111879502238,882.3387295733246,-924.2282493542871
55,2020-05-07,9445.976476415197,939.95340853569,-985.0973726165466
56,2020-05-08,10071.570298447012,999.4312826970618,-1047.9753991910675
57,2020-05-09,10718.594540160786,1060.732349187725,-1112.8220418280998
58,2020-05-10,11386.705544683664,1123.8128928170136,-1179.5929691461988
59,2020-05-11,12075.516665600002,1188.6257209107007,-1248.2400327061714
60,2020-05-12,12784.600268687227,1255.120351064832,-1318.711504497116
61,2020-05-13,13513.489795577174,1323.2432982818827,-1390.9522962216852
62,2020-05-14,14261.681945444925,1392.9382902219822,-1464.90421697511
63,2020-05-15,15028.638884845624,1464.14636899164,-1540.506208427434
64,2020-05-16,15813.790580083616,1536.8063592362014,-1617.6947813701136
65,2020-05-17,16616.536872091707,1610.8551515289655,-1696.4036788116045
66,2020-05-18,17436.250218765927,1686.2275106065208,-1776.5648929337185
67,2020-05-19,18272.277789623295,1762.8566247881754,-1858.1084785597523
68,2020-05-20,19123.9437858059,1840.6743490240551,-1940.9627644335778
69,2020-05-21,19990.55187248281,1919.6113451754427,-2025.0548422159663
70,2020-05-22,20871.387481138267,1999.5973101220807,-2110.3104397303796
71,2020-05-23,21765.720103291296,2080.5611921788877,-2196.65448177866
72,2020-05-24,22672.80556731343,2162.4313814154266,-2284.011177594519
73,2020-05-25,23591.888226165087,2245.135936278857,-2372.304204538039
74,2020-05-26,24522.20314647389,2328.6027737391087,-2461.4569602872252
75,2020-05-27,25462.978254038688,2412.759748314744,-2551.392776791705
76,2020-05-28,26413.436296025633,2497.534939254143,-2642.0350329944195
77,2020-05-29,27372.796855504777,2582.8569587382553,-2733.3073349977494
78,2020-05-30,28340.27828720093,2668.654805086622,-2825.1339345357264
79,2020-05-31,29315.09955628109,2754.8581698258386,-2917.4393840991397
80,2020-06-01,30296.481975254133,2841.397573973427,-3010.149181225461
81,2020-06-02,31283.650898481847,2928.20448490293,-3103.189705755143
82,2020-06-03,32275.83734467696,3015.2114257805115,-3196.4883992987634
83,2020-06-04,33272.279298052774,3102.3522682520415,-3289.973684224755
84,2020-06-05,34272.22385118415,3189.5616629140786,-3383.5757945869336
85,2020-06-06,35274.927575304944,3276.7761297144243,-3477.2259029464585
86,2020-06-07,36279.65833001215,3363.933499636558,-3570.856784620086
87,2020-06-08,37285.69635658036,3450.973167619806,-3664.4028030775735
88,2020-06-09,38292.33534189239,3537.8361779128536,-3757.799994095578
89,2020-06-10,39298.88347560096,3624.465225747874,-3850.986166095434
90,2020-06-11,40304.66429581321,3710.804795042015,-3943.900894897888
91,2020-06-12,41309.017595656354,3796.801140063435,-4036.485609387739
92,2020-06-13,42311.30016698896,3882.402361362816,-4128.68373311944
93,2020-06-14,43310.88648246446,3967.5584385769253,-4220.440594615429
94,2020-06-15,44307.169312922415,4052.221251383482,-4311.703525056284
95,2020-06-16,45299.56026135645,4136.3446040144045,-4402.421884134055
96,2020-06-17,46287.49022314435,4219.884236393627,-4492.547079755299
97,2020-06-18,47270.40979148347,4302.797842210515,-4582.03258426203
98,2020-06-19,48247.789585167906,4385.045072061854,-4670.833925208128
99,2020-06-20,49219.120514462484,4466.587540087545,-4758.908723634049
100,2020-06-21,50183.91397236235,4547.388822649213,-4846.216665766828
101,2020-06-22,51141.702004784514,4627.41442857837,-4932.719518325364
102,2020-06-23,52092.03738911208,4706.631808764323,-5018.381107370769
103,2020-06-24,53034.49367460051,4785.010317987457,-5103.167304558287
104,2020-06-25,53968.66517202202,4862.521206118683,-5187.046010197242
105,2020-06-26,54894.16689103298,4939.137594565145,-5269.987128604771
106,2020-06-27,55810.63443550907,5014.834449570117,-5351.96253919656
107,2020-06-28,56717.72386116586,5089.588545926636,-5432.946069231621
108,2020-06-29,57615.111490214214,5163.378437358268,-5512.913463994606
109,2020-06-30,58502.49368995665,5236.184422068691,-5591.842349286599
110,2020-07-01,59379.586617711146,5307.988505910485,-5669.712193100328
111,2020-07-02,60246.12593477762,5378.774360352021,-5746.504266419768
112,2020-07-03,61101.86648985814,5448.527284323303,-5822.201599250089
113,2020-07-04,61946.58197897098,5517.234158655279,-5896.788939314167
114,2020-07-05,62780.0645833761,5584.883405447916,-5970.252710522029
115,2020-07-06,63602.124577540744,5651.464942876017,-6042.580961466665
116,2020-07-07,64412.58992474766,5716.970137150856,-6113.763318994264
117,2020-07-08,65211.305846583644,5781.391763478961,-6183.790927857772
118,2020-07-09,65998.13440200027,5844.723928992273,-6252.656428896284
119,2020-07-10,66772.95401741429,5906.962078988581,-6320.353887304467
120,2020-07-11,67535.65902782096,5968.102904806976,-6386.87875075273
121,2020-07-12,68286.15920347752,6028.144311671669,-6452.2277982440355
122,2020-07-13,69024.37926301721,6087.085374024813,-6516.399070206884
123,2020-07-14,69750.25839170629,6144.926273126854,-6579.391844425336
124,2020-07-15,70463.74975897951,6201.668257856378,-6641.206582270577
125,2020-07-16,71164.82000372381,6257.313608152501,-6701.844867407424
126,2020-07-17,71853.44875167306,6311.865565481246,-6761.309379743252
127,2020-07-18,72529.62809663541,6365.32832484656,-6819.603805084014
128,2020-07-19,73193.36211440065,6417.706946426755,-6876.732804373314
129,2020-07-20,73844.66636755122,6469.007324928578,-6932.701956486184
130,2020-07-21,74483.56741146864,6519.236149251912,-6987.517737877875
131,2020-07-22,75110.10231018545,6568.400853821731,-7041.187480854438
132,2020-07-23,75724.31812883663,6616.509604989667,-7093.71928303926
133,2020-07-24,76326.27147983413,6663.571206593275,-7145.121973534362
134,2020-07-25,76916.02802988102,6709.5950929212995,-7195.4050940840825
135,2020-07-26,77493.66205555217,6754.59127672833,-7244.578860792622
136,2020-07-27,78059.25597472656,6798.570288588206,-7292.654118472332
137,2020-07-28,78612.89986210212,6841.543261666593,-7339.642173215223
138,2020-07-29,79154.69104545913,6883.521719679498,-7385.554976083251
139,2020-07-30,79684.73368412556,6924.5176499898225,-7430.404939068132
140,2020-07-31,80203.13831691994,6964.543331826746,-7474.204990266066
141,2020-08-01,80710.02143999336,7003.611551274269,-7516.968378310703
142,2020-08-02,81205.5051152491,7041.73539240328,-7558.7087576841
