,dates,prediction,+,-
0,2020-03-11,0.0,0.0,0.0
1,2020-03-12,1.4400089732601293e-06,1.7850765645161478e-07,-1.788377610791808e-07
2,2020-03-13,2.1871148153046466e-05,2.689585931701562e-06,-2.6993273989359335e-06
3,2020-03-14,0.00011163840319495808,1.3628695653211534e-05,-1.3700034032755707e-05
4,2020-03-15,0.00037699354900896985,4.573247842162278e-05,-4.603553557588555e-05
5,2020-03-16,0.0010399045231824036,0.00012549377950913754,-0.00012646849867138155
6,2020-03-17,0.0025697279688092793,0.00030885133209091267,-0.0003115238057675436
7,2020-03-18,0.005964374372496655,0.0007146855660096017,-0.0007213372889528667
8,2020-03-19,0.013346317979903707,0.0015958003967675126,-0.0016113905469251517
9,2020-03-20,0.029218761286023312,0.00348847785684539,-0.0035236629137683426
10,2020-03-21,0.06309268279771153,0.007525119847081305,-0.007602639991414396
11,2020-03-22,0.13491627261509612,0.016080021841885644,-0.016248124109895304
12,2020-03-23,0.28607593604410186,0.03407656500953077,-0.03443694682286985
13,2020-03-24,0.6008499244800714,0.07153168097211982,-0.07229674379113338
14,2020-03-25,1.2446427521826895,0.14806976777509528,-0.14967645483878722
15,2020-03-26,2.5172430102250227,0.2991165745719653,-0.30243859257019734
16,2020-03-27,4.891783123149188,0.5801193181607527,-0.5868158519082813
17,2020-03-28,9.0067101734307,1.0648931477250372,-1.077890405616607
18,2020-03-29,15.621149763429473,1.8396121831268442,-1.863666342764775
19,2020-03-30,25.55951920469248,2.995762488427932,-3.038035804605375
20,2020-03-31,39.65967896786112,4.623818057074033,-4.694407523822292
21,2020-04-01,58.72987644640983,6.808229773818837,-6.920604062632059
22,2020-04-02,83.51566225196521,9.623802015737652,-9.795119437092083
23,2020-04-03,114.6762483466097,13.133325602037104,-13.384620537979714
24,2020-04-04,152.76911152302333,17.38626496057742,-17.742501735385417
25,2020-04-05,198.24145658959094,22.418286540173284,-22.908288075346036
26,2020-04-06,251.42718423141295,28.2514308933539,-28.90769512372256
27,2020-04-07,312.54813540904814,34.89475645941616,-35.75317686709252
28,2020-04-08,381.71854638895076,42.3453111987007,-43.44481944266937
29,2020-04-09,458.95181598861524,50.58931524243269,-51.97146416503779
30,2020-04-10,544.1688448593299,59.60346205284645,-61.311966702054235
31,2020-04-11,637.2073463270303,69.35626630706531,-71.43651932971648
32,2020-04-12,737.8316547734214,79.80940475584885,-82.30798083347634
33,2020-04-13,845.742659979181,90.91901049401304,-93.88317259451594
34,2020-04-14,960.5875857394183,102.6368930284741,-106.11411128204531
35,2020-04-15,1081.9694050072685,114.9116664101748,-118.94915840489068
36,2020-04-16,1209.4557379880034,127.68977333401722,-132.33407290928517
37,2020-04-17,1342.5871354467258,140.91640128333438,-146.21296102746942
38,2020-04-18,1480.884690096958,154.53629025651708,-160.52912143645517
39,2020-04-19,1623.8569312935786,168.49443248721127,-175.2257848225554
40,2020-04-20,1771.0060036344894,182.73667049761252,-190.24675290977802
41,2020-04-21,1921.8331390495225,197.21019933859975,-205.53694187556812
42,2020-04-22,2075.8434511679266,211.86398104437467,-221.0428373408795
43,2020-04-23,2232.5500569644073,226.64907530704022,-236.71286427430323
44,2020-04-24,2391.4776009758666,241.51889946472102,-252.49768431363646
45,2020-04-25,2552.165217064313,256.42942398077867,-268.3504264041212
46,2020-04-26,2714.168950426956,271.33930821501735,-284.2268552272162
47,2020-04-27,2877.0637044385944,286.20998664660647,-300.0854872988839
48,2020-04-28,3040.4447612548574,301.00571213141984,-315.8876613521352
49,2020-04-29,3203.928912169933,315.69356176147494,-331.59756844687263
50,2020-04-30,3367.155243824367,330.2434113630734,-347.1822479063294
51,2020-05-01,3529.785623563289,344.62788425435156,-362.61155475976784
52,2020-05-02,3691.50491654906,358.8222783373367,-377.85810285746675
53,2020-05-03,3852.0209782349143,372.8044765545651,-392.89718886700166
54,2020-05-04,4011.064444149468,386.5548434715374,-407.70669997636514
55,2020-05-05,4168.388355567761,400.05611204817706,-422.26700960032895
56,2020-05-06,4323.767646468687,413.29326319805205,-436.5608638619883
57,2020-05-07,4476.998513599085,426.25340047567806,-450.5732613216546
58,2020-05-08,4627.897695296023,438.9256221450041,-464.2913284412607
59,2020-05-09,4776.3016746919475,451.300892250023,-477.70419251265594
60,2020-05-10,4922.065827989551,463.3719123661258,-490.8028539418383
61,2020-05-11,5065.063533653349,475.1329950211175,-503.58005908727046
62,2020-05-12,5205.185249390669,486.5799399941361,-516.0301748379698
63,2020-05-13,5342.337574673436,497.7099143862979,-528.1490660916606
64,2020-05-14,5476.442315491528,508.52133693127234,-539.9339769063554
65,2020-05-15,5607.435543362011,519.0137668966618,-551.3834154497899
66,2020-05-16,5735.26666411174,529.1877978577586,-562.497043338114
67,2020-05-17,5859.897508668827,539.0449574054137,-573.2755705347454
68,2020-05-18,5981.301441722061,548.5876119007598,-583.7206549708662
69,2020-05-19,6099.4624962467105,557.818876809235,-593.8348075170597
70,2020-05-20,6214.3745379517995,566.7425326842422,-603.6213024553381
71,2020-05-21,6326.040459061936,575.3629464020032,-613.084093099289
72,2020-05-22,6434.471407302201,583.6849979833669,-622.2277329800681
73,2020-05-23,6539.686048266034,591.7140125097576,-631.0573021343098
74,2020-05-24,6641.709864582265,599.4556971729698,-639.5783386019311
75,2020-05-25,6740.574485315297,606.9160827004671,-647.7967743464096
76,2020-05-26,6836.317068225872,614.1014708981265,-655.7188775588111
77,2020-05-27,6928.979693452197,621.0183844610219,-663.3511971849848
78,2020-05-28,7018.608809923335,627.6735225298098,-670.7005135111676
79,2020-05-29,7105.254713147463,634.073719907823,-677.7737925751417
80,2020-05-30,7188.971049076175,640.2259094151395,-684.5781438448112
81,2020-05-31,7269.814362729804,646.1370886914701,-691.1207826653472
82,2020-06-01,7347.8436713058845,651.814289712519,-697.4089955706786
83,2020-06-02,7423.120068529683,657.2645514441583,-703.4501089578725
84,2020-06-03,7495.706357887938,662.4948953403491,-709.2514608207402
85,2020-06-04,7565.666718354025,667.5123037888297,-714.8203756979055
86,2020-06-05,7633.066392680419,672.3237007356893,-720.1641419752868
87,2020-06-06,7697.971401597779,676.9359346285928,-725.2899917255154
88,2020-06-07,7760.448281855575,681.3557634541576,-730.2050828469919
89,2020-06-08,7820.5638502206675,685.5898418823108,-734.9164835484835
90,2020-06-09,7878.3849859840475,689.6447100081068,-739.4311585948353
91,2020-06-10,7933.978434091467,693.5267837465271,-743.7559573984654
92,2020-06-11,7987.410627137981,697.2423467119643,-747.8976037745906
93,2020-06-12,8038.747527319707,700.7975435425815,-751.862687340601
94,2020-06-13,8088.054482997617,704.1983743562851,-755.6576561879601
95,2020-06-14,8135.396101100888,707.4506903406991,-759.28881084781
96,2020-06-15,8180.836133949835,710.560190356553,-762.762299416996
97,2020-06-16,8224.43738089232,713.5324184862948,-766.0841137872167
98,2020-06-17,8266.261601112134,716.372762356652,-769.2600867630135
99,2020-06-18,8306.369438209516,719.0864522058873,-772.2958900504191
100,2020-06-19,8344.820355457523,721.6785606131634,-775.1970330229224
101,2020-06-20,8381.672581666031,724.1540028087184,-777.9688621879695
102,2020-06-21,8416.983065337872,726.5175374925038,-780.6165612516043
103,2020-06-22,8450.807437287714,728.7737681145882,-783.1451517402547
104,2020-06-23,8483.199980910676,730.9271445637933,-785.5594941173649
105,2020-06-24,8514.213609741606,732.9819651795133,-787.8642893104334
106,2020-06-25,8543.899850985988,734.9423790804867,-790.0640806222991
107,2020-06-26,8572.308834913469,736.8123887526071,-792.1632559712107
108,2020-06-27,8599.489289516729,738.5958528786541,-794.1660504344081
109,2020-06-28,8625.488539927806,740.296489255652,-796.0765489444357
110,2020-06-29,8650.352511939374,741.9178780625298,-797.8986893715028
111,2020-06-30,8674.125739723233,743.4634650598437,-799.6362656054844
112,2020-07-01,8696.85137651034,744.9365649249867,-801.2929308072225
113,2020-07-02,8718.571208427666,746.3403647392151,-802.8722008472005
114,2020-07-03,8739.325671143019,747.6779274786604,-804.3774577891554
115,2020-07-04,8759.153868803065,748.9521955449181,-805.8119534436782
116,2020-07-05,8778.093594978543,750.1659943167815,-807.1788129704555
117,2020-07-06,8796.181355473727,751.3220357068694,-808.4810385117726
118,2020-07-07,8813.452392632586,752.422921708212,-809.7215128379585
119,2020-07-08,8829.940710960633,753.4711479204034,-810.9030029922988
120,2020-07-09,8845.679103830747,754.4691070445988,-812.0281639220884
121,2020-07-10,8860.699181088288,755.4190923388524,-813.0995420850659
122,2020-07-11,8875.031397375777,756.3233010257372,-814.1195790211714
123,2020-07-12,8888.705081017377,757.1838376457636,-815.0906148811591
124,2020-07-13,8901.748463315074,758.0027173507278,-816.0148919045068
125,2020-07-14,8914.188708122718,758.7818691325792,-816.8945578405128
126,2020-07-15,8926.051941582016,759.5231389832188,-817.731669306705
127,2020-07-16,8937.363281907497,760.2282929825888,-818.5281950803719
128,2020-07-17,8948.146869127917,760.8990203117974,-819.2860193190072
129,2020-07-18,8958.425894694135,761.5369361894118,-820.0069447065316
130,2020-07-19,8968.222630878545,762.1435847299181,-820.6926955233594
131,2020-07-20,8977.558459894803,762.7204417219582,-821.344920637136
132,2020-07-21,8986.453902678006,763.2689173269209,-821.9651964137338
133,2020-07-22,8994.92864727362,763.7903586971061,-822.5550295472494
134,2020-07-23,9003.001576787141,764.2860525134456,-823.1158598081802
135,2020-07-24,9010.690796853745,764.7572274429913,-823.6490627095272
136,2020-07-25,9018.013662598001,765.2050565174322,-824.1559520915926
137,2020-07-26,9024.986805043573,765.6306594317375,-824.6377826240805
138,2020-07-27,9031.62615696114,766.035104765986,-825.0957522282897
139,2020-07-28,9037.946978126442,766.4194121301498,-825.5310044187227
140,2020-07-29,9043.963879973207,766.7845542333544,-825.9446305655019
141,2020-07-30,9049.690849635632,767.1314588799414,-826.3376720795641
142,2020-07-31,9055.141273356028,767.4610108919005,-826.7111225200551
143,2020-08-01,9060.327959266233,767.7740539612096,-827.0659296273225
144,2020-08-02,9065.263159531407,768.071392432721,-827.4029972819953
