,dates,prediction,+,-
0,2020-01-22,0.0,0.0,0.0
1,2020-01-23,7.221030064400258e-06,8.952070450151208e-07,-8.968474519795249e-07
2,2020-01-24,0.00012760819543545615,1.570743868794684e-05,-1.5761012701696168e-05
3,2020-01-25,0.0008822515986579773,0.00010805227809946335,-0.00010854062221483832
4,2020-01-26,0.004644586941860104,0.0005672088117574525,-0.0005701286540631878
5,2020-01-27,0.022368356831350487,0.0027279902158013833,-0.002742835207581975
6,2020-01-28,0.10440844813668936,0.012725954846780657,-0.012796814748114616
7,2020-01-29,0.47638529770476146,0.05804013092672289,-0.058368689289266085
8,2020-01-30,1.92518769028299,0.23407258997148706,-0.2355041010655825
9,2020-01-31,5.922305001916245,0.7164738363275616,-0.7216454760652793
10,2020-02-01,14.147863486020617,1.700039059239952,-1.7148462760048258
11,2020-02-02,28.10089661525592,3.3508841068218373,-3.385711975848622
12,2020-02-03,48.92624580777879,5.786927717892297,-5.857389721850822
13,2020-02-04,77.37307301191862,9.075055400449173,-9.202206528458987
14,2020-02-05,113.82097245287865,13.236463328301411,-13.446563081522967
15,2020-02-06,158.3353836347521,18.25520113439171,-18.579140719519216
16,2020-02-07,210.73119765628547,24.087245870353996,-24.559755777206874
17,2020-02-08,270.6338387570728,30.668816757966113,-31.32755598666438
18,2020-02-09,337.53304977271404,37.92341394885034,-38.80802140475288
19,2020-02-10,410.8278538057805,45.76747475580015,-46.9186424303133
20,2020-02-11,489.86281396099423,54.11473968511507,-55.573348761819716
21,2020-02-12,573.9564690124548,62.879503047085336,-64.68584890813628
22,2020-02-13,662.4230892004185,71.97894324876756,-74.17206355014764
23,2020-02-14,754.5889132215948,81.33471798229323,-83.9518291645386
24,2020-02-15,849.8039274341193,90.87398671202823,-93.950028024978
25,2020-02-16,947.4501043108091,100.5299964283995,-104.09727627048096
26,2020-02-17,1046.9468662496124,110.24234107968505,-114.33027772978278
27,2020-02-18,1147.7544015445965,119.95698252841976,-124.59192979191994
28,2020-02-19,1249.3753370417935,129.62610166567765,-134.83124926082473
29,2020-02-20,1351.355169346845,139.20783264664396,-145.00317105799468
30,2020-02-21,1453.281774003974,148.66592075346034,-155.06826061401443
31,2020-02-22,1554.7842409329269,157.9693341441839,-164.9923707864191
32,2020-02-23,1655.5312334671573,167.09185234785923,-174.74626692154789
33,2020-02-24,1755.2290227423432,176.01164793744874,-184.3052373541368
34,2020-02-25,1853.6193137300515,184.7108733275345,-193.64870211354946
35,2020-02-26,1950.476956916264,193.17526110091876,-202.75982918648924
36,2020-02-27,2045.607609235003,201.39374322541607,-211.6251644249469
37,2020-02-28,2138.845400480013,209.35809307058616,-220.2342798265961
38,2020-02-29,2230.0506417826923,217.06259197683676,-228.57944264946923
39,2020-03-01,2319.1076046916105,224.50372139075398,-236.65530700178624
40,2020-03-02,2405.922390627836,231.67988062699897,-244.45862853791914
41,2020-03-03,2490.420904286799,238.59112970726528,-251.98800222458067
42,2020-03-04,2572.546938991966,245.23895628300397,-259.2436226243258
43,2020-03-05,2652.2603792125446,251.62606556196533,-266.22706599107005
44,2020-03-06,2729.535520339282,257.75619157160145,-272.9410928517905
45,2020-03-07,2804.359507563661,263.63392875558475,-279.3894703276578
46,2020-03-08,2876.730889363638,269.2645819594436,-285.5768125088448
47,2020-03-09,2946.658283506033,274.654033592627,-291.5084378498882
48,2020-03-10,3014.1591492520265,279.8086262032775,-297.1902419870953
49,2020-03-11,3079.2586627487754,284.73505937101027,-302.6285850092686
50,2020-03-12,3141.98868980566,289.44029950403956,-307.83019187542277
51,2020-03-13,3202.3868479922553,293.93150098543765,-312.8020644940707
52,2020-03-14,3260.4956568915068,298.2159380842231,-317.5514049544181
53,2020-03-15,3316.3617666583496,302.3009459987834,-322.08554830979256
54,2020-03-16,3370.0352617233734,306.19387036101443,-326.41190427590755
55,2020-03-17,3421.5690328568135,309.90202411182827,-330.537906768423
56,2020-03-18,3471.0182136831363,313.43265106401714,-334.47097061110617
57,2020-03-19,3518.4396753961946,316.7928952580405,-338.218454511848
58,2020-03-20,3563.891576328296,319.9897755669963,-341.78762976726966
59,2020-03-21,3607.432960444953,323.03016478296877,-345.18565390574076
60,2020-03-22,3649.123401750829,325.92077274662415,-348.41954882507116
61,2020-03-23,3689.022690321342,328.668132979446,-351.496182864385
62,2020-03-24,3727.190555917039,331.2785923421384,-354.42225630945177
63,2020-03-25,3763.6864261647484,333.75830335364617,-357.2042899485614
64,2020-03-26,3798.5692162034547,336.1132188168458,-359.84861630381874
65,2020-03-27,3831.8971465828736,338.3490884123976,-362.36137317353086
66,2020-03-28,3863.727586749652,340.4714569847565,-364.74849918720656
67,2020-03-29,3894.1169217969855,342.4856642822606,-367.01573111491325
68,2020-03-30,3923.1204401398572,344.39684592757385,-369.16860268482924
69,2020-03-31,3950.7922397818434,346.2099354114057,-371.2124446776611
70,2020-04-01,3977.1851514374184,347.9296669518826,-373.1523861223177
71,2020-04-02,4002.3506767710423,349.56057907024206,-374.9933564244966
72,2020-04-03,4026.3389400430483,351.1070187463861,-376.7400882719194
73,2020-04-04,4049.1986516031175,352.5731460378356,-378.39712118082525
74,2020-04-05,4070.977082044679,353.962939069364,-379.968805576827
75,2020-04-06,4091.7200457405793,355.2801993041844,-381.4593073047249
76,2020-04-07,4111.471892646451,356.5285570213473,-382.87261247753213
77,2020-04-08,4130.275507285049,357.71147693394323,-384.2125325845327
78,2020-04-09,4148.172314119083,358.83226389595166,-385.4827097957659
79,2020-04-10,4165.202288414587,359.89406864876946,-386.6866224012806
80,2020-04-11,4181.4039718987515,360.89989356786737,-387.8275903359472
81,2020-04-12,4196.814492459282,361.85259837534795,-388.9087807444598
82,2020-04-13,4211.469587353522,362.75490579105826,-389.9332135515283
83,2020-04-14,4225.403629365081,363.6094070980371,-390.90376700467004
84,2020-04-15,4238.649655405482,364.41856760352675,-391.8231831631133
85,2020-04-16,4251.23939715423,365.18473197887215,-392.69407331002594
86,2020-04-17,4263.203313304173,365.9101294677148,-393.5189232704902
87,2020-04-18,4274.570623110657,366.5968789510953,-394.3000986192628
88,2020-04-19,4285.369340915276,367.2469938626082,-395.03984976611173
89,2020-04-20,4295.626311371733,367.86238694902113,-395.7403169096374
90,2020-04-21,4305.367245142822,368.44487487099104,-396.4035348505481
91,2020-04-22,4314.616754842462,368.9961826441695,-397.0314376607248
92,2020-04-23,4323.398391049094,369.5179479186427,-397.625863203109
93,2020-04-24,4331.734678223445,370.011725096736,-398.18855749964905
94,2020-04-25,4339.647150389746,370.4789892913941,-398.7211789468952
95,2020-04-26,4347.156386458982,370.9211401260909,-399.22530237809224
96,2020-04-27,4354.282045087543,371.3395053793665,-399.7024229729309
97,2020-04-28,4361.042898983056,371.73534447703787,-400.1539600162628
98,2020-04-29,4367.456868584376,372.10985183607227,-400.581260508367
99,2020-04-30,4373.541055048507,372.4641600630466,-400.98560262840056
100,2020-05-01,4379.311772498274,372.79934301243793,-401.36819905519405
101,2020-05-02,4384.784579477384,373.11641870691983,-401.7302001466105
102,2020-05-03,4389.974309592656,373.4163521267528,-402.0726969837842
103,2020-05-04,4394.895101309897,373.70005787090486,-402.39672428222593
104,2020-05-05,4399.5604268852585,373.9684026948662,-402.7032631741695
105,2020-05-06,4403.983120428323,374.22220793078486,-402.9932438674282
106,2020-05-07,4408.175405070962,374.4622517918342,-403.2675481821866
107,2020-05-08,4412.148919259488,374.68927156823065,-403.52701197295846
108,2020-05-09,4415.91474216092,374.9039657175672,-403.7724274381944
109,2020-05-10,4419.483418190608,375.106995854263,-404.00454532209005
110,2020-05-11,4422.86498066811,375.29898864216375,-404.2240770126209
111,2020-05-12,4426.0689746219505,375.48053759548293,-404.43169654097665
112,2020-05-13,4429.104478733955,375.6522047896633,-404.6280424838069
113,2020-05-14,4431.980126465128,375.81452248905043,-404.8137197754136
114,2020-05-15,4434.704126361982,375.96799469313737,-404.98930143156986
115,2020-05-16,4437.284281567349,376.1130986057651,-405.1553301894796
116,2020-05-17,4439.728008555626,376.2502860308641,-405.31232006757864
117,2020-05-18,4442.042355111952,376.37998469806644,-405.460757848658
118,2020-05-19,4444.234017568887,376.5025995208762,-405.60110448901287
119,2020-05-20,4446.30935733489,376.6185137917464,-405.7337964583103
120,2020-05-21,4448.274416725564,376.72809031610814,-405.85924701224485
121,2020-05-22,4450.134934122776,376.8316724886081,-405.9778474014488
122,2020-05-23,4451.896358486029,376.9295853145604,-406.08996801987496
123,2020-05-24,4453.563863233501,377.022136378896,-406.19595949505765
124,2020-05-25,4455.14235951306,377.10961676507486,-406.2961537229262
125,2020-05-26,4456.636508892679,377.1923019271062,-406.39086485050484
126,2020-05-27,4458.050735483524,377.27045251627715,-406.4803902083104
127,2020-05-28,4459.389237519704,377.34431516516725,-406.5650111951336
128,2020-05-29,4460.6559984155765,377.41412323105305,-406.6449941175724
129,2020-05-30,4461.854797322449,377.48009750089295,-406.7205909866584
130,2020-05-31,4462.98921919407,377.54244685901995,-406.7920402728232
131,2020-06-01,4464.062664396135,377.60136892067476,-406.8595676226082
132,2020-06-02,4465.078357865975,377.6570506321059,-406.92338653796196
133,2020-06-03,4466.039357846022,377.70966883939036,-406.9836990204308
134,2020-06-04,4466.948564205423,377.7593908272893,-407.04069618174026
135,2020-06-05,4467.8087263779125,377.80637483046485,-407.0945588233194
136,2020-06-06,4468.6224509085605,377.8507705167676,-407.1454579844162
137,2020-06-07,4469.392208653324,377.8927194459857,-407.1935554626134
138,2020-06-08,4470.1203416281405,377.93235550399913,-407.23900430663525
139,2020-06-09,4470.809069531111,377.9698053142074,-407.28194928353605
140,2020-06-10,4471.460495948134,378.00518862710487,-407.32252732125244
141,2020-06-11,4472.076614261284,378.0386186894966,-407.36086792818287
142,2020-06-12,4472.659313264686,378.07020259384535,-407.39709359030303
143,2020-06-13,4473.210382508373,378.1000416092502,-407.4313201475561
144,2020-06-14,4473.7315173809375,378.12823149493306,-407.46365715043567
145,2020-06-15,4474.224323940729,378.1548627969696,-407.4942081976433
146,2020-06-16,4474.6903235090795,378.1800211293048,-407.52307125591733
147,2020-06-17,4475.130957034461,378.2037874396865,-407.55033896282384
148,2020-06-18,4475.547589246923,378.226238261921,-407.576098914014
149,2020-06-19,4475.941512591479,378.2474459537516,-407.60043393421074
150,2020-06-20,4476.313950977732,378.26747892289404,-407.62342233474055
151,2020-06-21,4476.666063336294,378.28640184064716,-407.6451381569859
152,2020-06-22,4476.998946997032,378.3042758441252,-407.66565140292005
153,2020-06-23,4477.313640896277,378.3211587276264,-407.6850282532905
154,2020-06-24,4477.61112860584,378.3371051227259,-407.70333127302456
155,2020-06-25,4477.892341293068,378.352166674058,-407.7206196117004
156,2020-06-26,4478.1581603666,378.36639219530207,-407.73694918155115
157,2020-06-27,4478.409420141094,378.3798278265149,-407.7523728369738
158,2020-06-28,4478.646910315102,378.3925171797637,-407.7669405407414
159,2020-06-29,4478.8713782764835,378.40450147410047,-407.7806995180972
160,2020-06-30,4479.083531354716,378.41581966732156,-407.79369440716346
161,2020-07-01,4479.284038943536,378.4265085797251,-407.8059674002725
162,2020-07-02,4479.473534474987,378.4366030088049,-407.8175583749612
163,2020-07-03,4479.652617328422,378.44613584002127,-407.8285050204904
164,2020-07-04,4479.821854669566,378.45513815329105,-407.8388429595061
165,2020-07-05,4479.981783083824,378.46363931704036,-407.84860585551223
166,2020-07-06,4480.132910223126,378.47166708311033,-407.8578255213288
167,2020-07-07,4480.275716396217,378.47924767838686,-407.8665320237965
168,2020-07-08,4480.4106559701695,378.48640588489434,-407.87475377533474
169,2020-07-09,4480.5381587626,378.49316511945926,-407.8825176250384
170,2020-07-10,4480.658631352384,378.49954750857887,-407.88984894426085
171,2020-07-11,4480.772458314809,378.5055739587515,-407.89677170703726
172,2020-07-12,4480.880003399434,378.51126422345715,-407.90330856669334
173,2020-07-13,4480.981610647396,378.5166369665412,-407.9094809283456
174,2020-07-14,4481.077605426964,378.52170982086864,-407.9153090159771
175,2020-07-15,4481.168295455235,378.5264994460631,-407.920811938523
176,2020-07-16,4481.253971736092,378.53102158144156,-407.9260077504073
177,2020-07-17,4481.33490945371,378.53529109631927,-407.93091350912664
178,2020-07-18,4481.411368825344,378.5393220379701,-407.9355453301214
179,2020-07-19,4481.483595908804,378.5431276769323,-407.93991843863887
180,2020-07-20,4481.55182336372,378.54672054966977,-407.944047218557
181,2020-07-21,4481.616271166193,378.55011249854215,-407.9479452581445
182,2020-07-22,4481.677147255738,378.55331470794135,-407.9516253914303
183,2020-07-23,4481.734648337993,378.55633774908074,-407.95509974948163
184,2020-07-24,4481.788960276819,378.55919160173835,-407.9583797853088
185,2020-07-25,4481.840258812568,378.56188569427013,-407.96147631968006
186,2020-07-26,4481.8887100803495,378.56442893235,-407.96439957403527
187,2020-07-27,4481.934471132742,378.5668297279435,-407.9671592036716
188,2020-07-28,4481.977690380569,378.56909602370433,-407.9697643256932
189,2020-07-29,4482.018508198189,378.5712353264589,-407.9722235573604
190,2020-07-30,4482.057057197743,378.5732547222833,-407.97454503337667
191,2020-07-31,4482.093462741698,378.57516090481295,-407.97673643830467
192,2020-08-01,4482.1278433177695,378.57696019586547,-407.9788050302109
193,2020-08-02,4482.160310908567,378.5786585657652,-407.98075766394595
