,dates,prediction,+,-
0,2020-02-29,0.0,0.0,0.0
1,2020-03-01,6.6875218416859585e-06,8.289379448326133e-07,-8.304907977355298e-07
2,2020-03-02,9.3618396290746e-05,1.1507708878473387e-05,-1.1550555391321457e-05
3,2020-03-03,0.00043841049348296486,5.346729303238283e-05,-5.3759320606386286e-05
4,2020-03-04,0.0013544721553853686,0.0001640264897782959,-0.0001651768595965137
5,2020-03-05,0.00341209867144986,0.00041073500190968483,-0.000414154907622517
6,2020-03-06,0.007690758485289947,0.0009213177551520178,-0.0009299592991379437
7,2020-03-07,0.016268660263520956,0.0019417058453328091,-0.001961474958201301
8,2020-03-08,0.03316897292660961,0.0039481170416665115,-0.003990607022362237
9,2020-03-09,0.06619150787801022,0.00786396250962014,-0.007951756513244188
10,2020-03-10,0.1304612430561117,0.015480022028748541,-0.015656980579165966
11,2020-03-11,0.2553034552234217,0.03026848512350333,-0.030619698550367253
12,2020-03-12,0.49756050926227263,0.05895966255249813,-0.059650133101380176
13,2020-03-13,0.9673735289954133,0.11459444541501917,-0.11594405040190225
14,2020-03-14,1.8780619005732053,0.22242961551141005,-0.225058313732309
15,2020-03-15,3.6425276906787243,0.4313506393787794,-0.4364595783305303
16,2020-03-16,7.059293746813793,0.8358937602632786,-0.8458090422606288
17,2020-03-17,13.670582147347925,1.6186270646367564,-1.6378503407316796
18,2020-03-18,26.448030192591954,3.1312874096756147,-3.1685216764335173
19,2020-03-19,51.08813276748579,6.047954894710884,-6.11999514483761
20,2020-03-20,98.19263189845252,11.621311919743476,-11.760401253608208
21,2020-03-21,183.85674319789732,21.732933383487108,-21.99900514898502
22,2020-03-22,324.8871823222563,38.28607305810374,-38.78071996141318
23,2020-03-23,534.3130734469487,62.66165738791335,-63.53799039142069
24,2020-03-24,819.8679905814236,95.5578518382647,-97.02374660368878
25,2020-03-25,1184.186461485711,137.0430232594606,-139.35817021211597
26,2020-03-26,1625.7177655368655,186.69188401216365,-190.16024196997955
27,2020-03-27,2139.8212074300322,243.73659822963145,-248.69605922755454
28,2020-03-28,2719.7887826877623,307.2018527501591,-314.0126950834965
29,2020-03-29,3357.695968783767,376.01297258355225,-385.04630253428513
30,2020-03-30,4045.060222384732,449.07610289543754,-460.70310574427685
31,2020-03-31,4773.322963224867,525.333811753967,-539.91630917765
32,2020-04-01,5534.184292298291,603.8008667610993,-621.683427736426
33,2020-04-02,6319.821824437537,683.5849214125692,-705.0885939987456
34,2020-04-03,7123.022066425879,763.8962326220008,-789.3138434061948
35,2020-04-04,7937.248019944744,844.0497407347702,-873.6426342495497
36,2020-04-05,8756.661747273218,923.4620773528823,-957.4581273376052
37,2020-04-06,9576.116213127649,1001.6454058997588,-1040.238113784486
38,2020-04-07,10391.12704870493,1078.1994668766583,-1121.5479624162253
39,2020-04-08,11197.831976298117,1152.8027867506353,-1201.0325554107385
40,2020-04-09,11992.943404933954,1225.2036998847107,-1278.4078770989217
41,2020-04-10,12773.698036880494,1295.2116062534733,-1353.4526970548359
42,2020-04-11,13537.806095871998,1362.688725367203,-1426.0006271552393
43,2020-04-12,14283.40189180843,1427.5424924160088,-1495.9327174258724
44,2020-04-13,15008.996805791883,1489.7186652661458,-1563.1706769215089
45,2020-04-14,15713.435324413875,1549.1951580191835,-1627.670751330883
46,2020-04-15,16395.854442931934,1605.9765835771577,-1689.4182538973
47,2020-04-16,17055.64654412249,1660.0894669578665,-1748.4227237101077
48,2020-04-17,17692.425717975548,1711.5780795059218,-1804.7136720417657
49,2020-04-18,18305.997396513863,1760.5008386611335,-1858.3368702797525
50,2020-04-19,18896.33112298825,1806.927216702632,-1909.3511302479055
51,2020-04-20,19463.53624300507,1850.935102849795,-1957.8255273857212
52,2020-04-21,20007.840292298988,1892.6085662605583,-2003.8370192162802
53,2020-04-22,20529.569852606866,1932.0359709728727,-2047.468414074996
54,2020-04-23,21029.13365275918,1969.30839820244,-2088.8066485688905
55,2020-04-24,21507.0077003997,2004.5183354362634,-2127.941335565749
56,2020-04-25,21963.72224394697,2037.7585963350575,-2164.963548463318
57,2020-04-26,22399.850377161303,2069.121439226499,-2199.9648107826106
58,2020-04-27,22815.998114144157,2098.697855901126,-2233.0362636430073
59,2020-04-28,23212.795775571798,2126.5770056051515,-2264.267986540908
60,2020-04-29,23590.89054256312,2152.845772520981,-2293.748449973795
61,2020-04-30,23950.94004809601,2177.5884277993828,-2321.5640810299265
62,2020-05-01,24293.606886362588,2200.8863794306526,-2347.7989251204745
63,2020-05-02,24619.553935269643,2222.8179959019108,-2372.534389571352
64,2020-05-03,24929.44039590044,2243.4584912267383,-2395.849056342413
65,2020-05-04,25223.91846195938,2262.8798606029814,-2417.818552737972
66,2020-05-05,25503.63054469342,2281.1508579012043,-2438.515470889466
67,2020-05-06,25769.206983621963,2298.3370070397323,-2458.0093276163425
68,2020-05-07,26021.264182348903,2314.500640697195,-2476.366557646259
69,2020-05-08,26260.403115195775,2329.700960734226,-2493.650534106502
70,2020-05-09,26487.208156260574,2343.994115570462,-2509.921611070982
71,2020-05-10,26702.24618821667,2357.4332905308984,-2525.2371837334213
72,2020-05-11,26906.065953156238,2370.068807826392,-2539.651762447327
73,2020-05-12,27099.197611648808,2381.948233332445,-2553.2170573904805
74,2020-05-13,27282.152480642115,2393.1164878744676,-2565.982071180475
75,2020-05-14,27455.42292385097,2403.6159610712966,-2577.993197135489
76,2020-05-15,27619.482371791048,2413.4866261876705,-2589.2943212987047
77,2020-05-16,27774.78545117892,2422.7661547107127,-2599.9269266347437
78,2020-05-17,27921.76820597425,2431.4900296303385,-2609.930198094906
79,2020-05-18,28060.848394502624,2439.691656608775,-2619.341127477848
80,2020-05-19,28192.425849073887,2447.402472407317,-2628.194617217694
81,2020-05-20,28316.88288625054,2454.652050087636,-2636.523582402715
82,2020-05-21,28434.584757456636,2461.4682006300754,-2644.3590504736458
83,2020-05-22,28545.880130938047,2467.877070716102,-2651.7302581733566
84,2020-05-23,28651.101597351473,2473.9032365094718,-2658.6647454262165
85,2020-05-24,28750.566192293598,2479.5697933420997,-2665.188445912856
86,2020-05-25,28844.57593002132,2484.8984412679674,-2671.3257741786038
87,2020-05-26,28933.418343443198,2489.9095664958077,-2677.099709175345
88,2020-05-27,29017.36702619258,2494.622318749738,-2682.5318741875526
89,2020-05-28,29096.682173236753,2499.054684635412,-2687.6426131336557
90,2020-05-29,29171.611117030152,2503.2235571135498,-2692.451063268505
91,2020-05-30,29242.388856710422,2507.1448011999964,-2696.975224339156
92,2020-05-31,29309.238578277364,2510.833316023847,-2701.2320242678943
93,2020-06-01,29372.372164052384,2514.3030933839655,-2705.2373814523344
94,2020-06-02,29431.99069004948,2517.5672729387625,-2709.0062637751034
95,2020-06-03,29488.284910345712,2520.638194244333,-2712.5527444982035
96,2020-06-04,29541.4357272698,2523.5274456737498,-2715.890055047439
97,2020-06-05,29591.61464706147,2526.2459104538684,-2719.0306348938066
98,2020-06-06,29638.984220565893,2528.803809970803,-2721.986178660085
99,2020-06-07,29683.698468447972,2531.210744427808,-2724.7676805190276
100,2020-06-08,29725.903291038645,2533.4757310616005,-2727.3854760728573
101,2020-06-09,29765.736862829897,2535.607240035988,-2729.8492818231134
102,2020-06-10,29803.330011363443,2537.6132281146747,-2732.1682323193345
103,2020-06-11,29838.80658086823,2539.5011702628944,-2734.3509151306534
104,2020-06-12,29872.2837810685,2541.2780893266427,-2736.40540378492
105,2020-06-13,29903.87252083228,2542.9505838265795,-2738.339288703759
106,2020-06-14,29933.677727587718,2544.5248540581233,-2740.159706327315
107,2020-06-15,29961.798652578625,2546.0067265616126,-2741.8733664889987
108,2020-06-16,29988.329162411457,2547.40167707243,-2743.486578150543
109,2020-06-17,30013.35801751541,2548.7148520650626,-2745.005273613926
110,2020-06-18,30036.969137055225,2549.951088886133,-2746.435031198609
111,2020-06-19,30059.241851982657,2551.1149346985985,-2747.781096619001
112,2020-06-20,30080.251145798626,2552.210664215505,-2749.0484030359185
113,2020-06-21,30100.06788377573,2553.2422963343124,-2750.24158989812
114,2020-06-22,30118.759031027414,2554.2136097345647,-2751.365020639485
115,2020-06-23,30136.38785987315,2555.128157504583,-2752.42279930093
116,2020-06-24,30153.014146899604,2555.9892808558434,-2753.4187861389546
117,2020-06-25,30168.69436020697,2556.800121988039,-2754.356612288
118,2020-06-26,30183.481837210165,2557.563636153918,-2755.2396935289726
119,2020-06-27,30197.426953417395,2558.282602975836,-2756.071243219827
120,2020-06-28,30210.57728261658,2558.9596370637482,-2756.854284441946
121,2020-06-29,30222.977748823218,2559.597197975989,-2757.591661406954
122,2020-06-30,30234.67077032932,2560.1975995614703,-2758.286050166178
123,2020-07-01,30245.69639633239,2560.76301873157,-2758.9399686755096
124,2020-07-02,30256.09243639205,2561.2955036891144,-2759.5557862457936
125,2020-07-03,30265.894583097965,2561.7969816524565,-2760.135732420473
126,2020-07-04,30275.136528274747,2562.2692661061556,-2760.681905315534
127,2020-07-05,30283.850073070367,2562.714063610336,-2761.1962794571045
128,2020-07-06,30292.065232097477,2563.1329801869288,-2761.680713137048
129,2020-07-07,30299.810332116132,2563.527527323655,-2762.13695533212
130,2020-07-08,30307.1121053836,2563.8991276085326,-2762.5666522011015
131,2020-07-09,30313.995778002736,2564.2491200229815,-2762.9713531911875
132,2020-07-10,30320.485153487713,2564.578764912254,-2763.3525167747903
133,2020-07-11,30326.602691901426,2564.8892486606273,-2763.7115158478227
134,2020-07-12,30332.369584552194,2565.1816880736515,-2764.049642791775
135,2020-07-13,30337.80582475841,2565.457134504515,-2764.3681142417227
136,2020-07-14,30342.9302746956,2565.7165777274604,-2764.668075563499
137,2020-07-15,30347.760728616715,2565.9609495795776,-2764.9506050644413
138,2020-07-16,30352.313972595333,2566.1911273829573,-2765.216717950938
139,2020-07-17,30356.60584102983,2566.40793716372,-2765.4673700521744
140,2020-07-18,30360.65126998481,2566.612156674739,-2765.7034613173273
141,2020-07-19,30364.464347628305,2566.8045182397072,-2765.9258391067233
142,2020-07-20,30368.05836188691,2566.9857114273436,-2766.135301286864
143,2020-07-21,30371.445845456426,2567.1563855654786,-2766.3325991405727
144,2020-07-22,30374.638618324985,2567.3171521056647,-2766.518440104377
145,2020-07-23,30377.64782792374,2567.468586846262,-2766.693490342386
146,2020-07-24,30380.483987111842,2567.6112320273205,-2766.858377171815
147,2020-07-25,30383.157009935578,2567.7455982943684,-2767.0136913370006
148,2020-07-26,30385.676245482486,2567.8721665510093,-2767.159989154741
149,2020-07-27,30388.050509824072,2567.9913897005135,-2767.2977945310668
150,2020-07-28,30390.288116174383,2568.1036942842948,-2767.427600858835
151,2020-07-29,30392.39690335987,2568.2094820235434,-2767.549872803029
152,2020-07-30,30394.384262694028,2568.309131269747,-2767.6650479806885
153,2020-07-31,30396.25716337023,2568.40299837109,-2767.7735385433552
154,2020-08-01,30398.022176380753,2568.4914189555748,-2767.875732663044
155,2020-08-02,30399.68549714315,2568.5747091415287,-2767.971995934142
