,dates,prediction,+,-
0,2020-03-01,0.0,0.0,0.0
1,2020-03-02,1.9246365108282816e-06,2.3857553092953575e-07,-2.3901848188941273e-07
2,2020-03-03,2.8183335980862165e-05,3.465052873168576e-06,-3.47777368682838e-06
3,2020-03-04,0.0001361049878202406,1.6604475458141722e-05,-1.6693845008586565e-05
4,2020-03-05,0.0004270354049866066,5.172970467665636e-05,-5.2088715106733425e-05
5,2020-03-06,0.00107571280800301,0.0001294969660298659,-0.00013057298596085682
6,2020-03-07,0.0023891047081592036,0.000286080343238545,-0.0002887895221364888
7,2020-03-08,0.004914354153879551,0.0005858959980280867,-0.0005920004460602413
8,2020-03-09,0.009634038904632066,0.0011446073516289575,-0.0011573894975051655
9,2020-03-10,0.01831864802705794,0.002170640434245339,-0.002196116851209018
10,2020-03-11,0.03416274623866782,0.00404010056424324,-0.004089212124502389
11,2020-03-12,0.06293306528802216,0.007431964178187353,-0.007524530567395729
12,2020-03-13,0.11504007520786089,0.013572001901601322,-0.013743862140884758
13,2020-03-14,0.20927461675804498,0.024672742126488012,-0.024988645363200945
14,2020-03-15,0.3795446986452467,0.044726652168185776,-0.045303522139944874
15,2020-03-16,0.6870131129471685,0.08093513290983101,-0.08198403709776947
16,2020-03-17,1.2419441768552555,0.14628041877694353,-0.14818224065639174
17,2020-03-18,2.2429664344448295,0.26414729152577454,-0.26758907087091055
18,2020-03-19,4.047452266828638,0.4766062433048326,-0.48282655439922717
19,2020-03-20,7.297014997415159,0.8591787177366719,-0.8704084787665494
20,2020-03-21,13.137853054953,1.5467377184378783,-1.5669890698735998
21,2020-03-22,23.548925530575477,2.7717043850242042,-2.808157403622566
22,2020-03-23,41.37056016461797,4.863987388302078,-4.929135320845383
23,2020-03-24,69.7032104607415,8.174205959117685,-8.288297245092416
24,2020-03-25,111.34124725437782,13.004594230662107,-13.19764550982731
25,2020-03-26,168.4738899799718,19.5751816606666,-19.88816833871209
26,2020-03-27,242.57520780129641,28.014133128373942,-28.499270706860386
27,2020-03-28,334.40893636917514,38.36217321127867,-39.082376129545594
28,2020-03-29,444.0968181077743,50.58429013442276,-51.61197577286276
29,2020-03-30,571.2171403191093,64.58441195821774,-65.9998415104289
30,2020-03-31,714.9127480193848,80.2204696871961,-82.10980947546796
31,2020-04-01,873.9963102894642,97.31840294355209,-99.77166536136872
32,2020-04-02,1047.0461775453332,115.68439347882781,-118.79338598795562
33,2020-04-03,1232.4897210872466,135.11506490036186,-138.9714441381343
34,2020-04-04,1428.6732304018894,155.40565394241935,-160.0991531721022
35,2020-04-05,1633.918741729203,176.35630732264394,-181.97318064661545
36,2020-04-06,1846.568871000571,197.776728858443,-204.39843531768452
37,2020-04-07,2065.0210583461153,219.48942619579202,-227.1915609548107
38,2020-04-08,2287.752732419678,241.3318030294231,-250.18327089842705
39,2020-04-09,2513.338868435524,263.15732414081094,-273.2197421577871
40,2020-04-10,2740.4633034555295,284.8359546169163,-296.163264719205
41,2020-04-11,2967.9250260257486,306.2540462602169,-318.8923156564283
42,2020-04-12,3194.6404986113957,327.31381628299096,-341.30120148991
43,2020-04-13,3419.642914827968,347.932537490889,-363.2993876903811
44,2020-04-14,3642.07914747811,368.04153608743854,-384.8106121205956
45,2020-04-15,3861.2050118650477,387.5850732262443,-405.7718598787401
46,2020-04-16,4076.3793532372415,406.5191694571099,-426.1322604637626
47,2020-04-17,4287.0573675293535,424.81041705437383,-445.851954277231
48,2020-04-18,4492.783479879098,442.43481358801637,-464.9009639603237
49,2020-04-19,4693.18403435087,459.37664068083996,-483.25809665472116
50,2020-04-20,4887.9599894218245,475.6274043787571,-500.9098956936223
51,2020-04-21,5076.879765087562,491.184847611903,-517.849654158681
52,2020-04-22,5259.772348651123,506.05204067171053,-534.0764980428185
53,2020-04-23,5436.520733845491,520.2365520644116,-549.5945430182164
54,2020-04-24,5607.055742999755,533.7496995226338,-564.412126055131
55,2020-04-25,5771.350262137401,546.605879036968,-578.5411110476534
56,2020-04-26,5929.413902972671,558.8219684163769,-591.9962660711217
57,2020-04-27,6081.288094260741,570.4168010306757,-604.7947088830197
58,2020-04-28,6227.0415957628575,581.410704796026,-616.9554165412583
59,2020-04-29,6366.766421622311,591.8251012304763,-628.4987946379379
60,2020-04-30,6500.574155279809,601.6821593027653,-639.4463014262992
61,2020-05-01,6628.592634848738,611.0044988656846,-649.8201220768815
62,2020-05-02,6750.962986033318,619.814938662953,-659.6428884003835
63,2020-05-03,6867.836978723121,628.1362841510436,-668.937439546251
64,2020-05-04,6979.374682676513,635.9911505972195,-677.7266193381138
65,2020-05-05,7085.742398487851,643.4018173518525,-686.0331062769401
66,2020-05-06,7187.11084046646,650.3901094645798,-693.879272470971
67,2020-05-07,7283.653548792849,656.9773031400955,-701.2870680324477
68,2020-05-08,7375.54550992553,663.184051923221,-708.2779278422367
69,2020-05-09,7462.961964024901,669.030330607151,-714.8726976604139
70,2020-05-10,7546.077382564179,674.5353946271862,-721.0915773033348
71,2020-05-11,7625.064596858673,679.7177523871223,-726.9540782854529
72,2020-05-12,7700.094062122298,684.5951486367576,-732.4789939739194
73,2020-05-13,7771.333242090825,689.1845571217636,-737.6843803994934
74,2020-05-14,7838.946100762605,693.50218095534,-742.5875460947573
75,2020-05-15,7903.092688722647,697.5634593471368,-747.2050495067015
76,2020-05-16,7963.928812889665,701.383079511822,-751.5527027211447
77,2020-05-17,8021.6057794909575,704.9749927399462,-755.645580393606
78,2020-05-18,8076.270201075492,708.3524337468398,-759.4980329178188
79,2020-05-19,8128.063859324007,711.527942549108,-763.1237029983631
80,2020-05-20,8177.123616237326,714.5133882233931,-766.5355449027466
81,2020-05-21,8223.58136705228,717.3199940003706,-769.7458457698067
82,2020-05-22,8267.564029112451,719.9583632443209,-772.7662484549846
83,2020-05-23,8309.193561065065,722.4385059044926,-775.6077754271455
84,2020-05-24,8348.587008105753,724.769865151633,-778.2808533720136
85,2020-05-25,8385.856568933157,726.9613439177938,-780.7953381601137
86,2020-05-26,8421.109680776883,729.0213311266343,-783.1605399129439
87,2020-05-27,8454.449119289027,730.9577274434305,-785.3852479471116
88,2020-05-28,8485.973110464818,732.7779704065688,-787.4777554131952
89,2020-05-29,8515.77545211733,734.489058835261,-789.4458834828038
90,2020-05-30,8543.945642738843,736.0975764332434,-791.2970049662163
91,2020-05-31,8570.569015903577,737.6097145318381,-793.0380672709553
92,2020-06-01,8595.726878521853,739.0312939300256,-794.6756146275684
93,2020-06-02,8619.496651440595,740.3677858066821,-796.2158095285877
94,2020-06-03,8641.952011634556,741.6243317101653,-797.6644533694598
95,2020-06-04,8663.16303438579,742.8057625995734,-799.0270062347399
96,2020-06-05,8683.196334838129,743.9166169577948,-800.3086058349572
97,2020-06-06,8702.115208244186,744.9611580005349,-801.5140856013304
98,2020-06-07,8719.979768179037,745.9433899862379,-802.647991928241
99,2020-06-08,8736.84708226144,746.8670736614476,-803.7146005848381
100,2020-06-09,8752.771304956308,747.7357408678417,-804.7179323108094
101,2020-06-10,8767.803807106624,748.5527083383622,-805.6617676140577
102,2020-06-11,8781.993301944916,749.3210907179382,-806.5496607972937
103,2020-06-12,8795.385967374155,750.0438128397182,-807.3849532374179
104,2020-06-13,8808.025564372925,750.7236212910484,-808.1707859459239
105,2020-06-14,8819.953551408269,751.3630953005795,-808.9101114364903
106,2020-06-15,8831.209194849203,751.9646569903362,-809.6057049396513
107,2020-06-16,8841.829675250056,752.5305810066457,-810.2601749746655
108,2020-06-17,8851.850189571102,753.0630035757586,-810.8759733217694
109,2020-06-18,8861.304049340015,753.5639310114711,-811.455404419894
110,2020-06-19,8870.222774854428,754.035247711674,-812.0006342255256
111,2020-06-20,8878.636185366619,754.4787236572265,-812.5136985441059
112,2020-06-21,8886.572485446155,754.8960214576473,-812.9965108782699
113,2020-06-22,8894.058347534065,755.288702959826,-813.4508698083737
114,2020-06-23,8901.118990776793,755.6582354458551,-813.8784659308458
115,2020-06-24,8907.77825648145,756.0059974692249,-814.2808884058277
116,2020-06-25,8914.058679692429,756.3332842859763,-814.6596310657596
117,2020-06-26,8919.981557580597,756.641312968386,-815.0160981775689
118,2020-06-27,8925.567014902717,756.9312272359457,-815.3516098951131
119,2020-06-28,8930.834065925945,757.2041019404642,-815.6674073335016
120,2020-06-29,8935.800673435228,757.4609472826087,-815.9646573473974
121,2020-06-30,8940.483804872354,757.7027127730144,-816.2444570262151
122,2020-07-01,8944.899485689913,757.9302909427479,-816.5078379124152
123,2020-07-02,8949.062850022414,758.1445208230198,-816.7557699630552
124,2020-07-03,8952.988188818774,758.3461912101247,-816.9891652719471
125,2020-07-04,8956.688995524848,758.5360437262443,-817.208881563819
126,2020-07-05,8960.178009394398,758.7147756878967,-817.4157254729616
127,2020-07-06,8963.467256591692,758.883042798112,-817.6104556239115
128,2020-07-07,8966.568089161832,759.0414616716589,-817.7937855242526
129,2020-07-08,8969.491221971412,759.1906122039818,-817.9663862811403
130,2020-07-09,8972.246767704946,759.3310397930309,-818.1288891515769
131,2020-07-10,8974.844270018231,759.4632574238967,-818.281887937359
132,2020-07-11,8977.292734936194,759.5877476248279,-818.4259412341262
133,2020-07-12,8979.600660544394,759.7049643001737,-818.561574540513
134,2020-07-13,8981.776065234737,759.8153344605162,-818.6892822503496
135,2020-07-14,8983.82651423834,759.9192598322643,-818.80952950749
136,2020-07-15,8985.759144839976,760.0171183764814,-818.9227539569629
137,2020-07-16,8987.580690234297,760.1092657149966,-819.0293673901806
138,2020-07-17,8989.29750206455,760.1960364674469,-819.1297572882331
139,2020-07-18,8990.915571747462,760.2777455074302,-819.224288272485
140,2020-07-19,8992.440550601243,760.3546891399819,-819.3133034649418
141,2020-07-20,8993.877768948336,760.4271462122524,-819.3971257719159
142,2020-07-21,8995.232254285631,760.4953791641237,-819.4760590986452
143,2020-07-22,8996.508747665093,760.5596349628377,-819.5503894307303
144,2020-07-23,8997.711720612628,760.6201460770098,-819.6203859603002
145,2020-07-24,8998.845389855616,760.6771313075587,-819.6863020479886
146,2020-07-25,8999.913731814302,760.7307966069548,-819.7483761711474
147,2020-07-26,9000.920496122713,760.781335837939,-819.8068328023128
148,2020-07-27,9001.869218441609,760.8289314897447,-819.8618832385782
149,2020-07-28,9002.76323256456,760.8737553518695,-819.9137263818202
150,2020-07-29,9003.60568184779,760.9159691463374,-819.962549471189
151,2020-07-30,9004.399529984485,760.9557251216447,-820.00852877117
152,2020-07-31,9005.147571208674,760.9931666130451,-820.0518302207083
153,2020-08-01,9005.85243989475,761.0284285670441,-820.0926100409506
154,2020-08-02,9006.51661963647,761.0616380358424,-820.1310153082395
