,dates,prediction,+,-
0,2020-03-14,0.0,0.0,0.0
1,2020-03-15,6.765805264324264e-06,8.388301099530368e-07,-8.403545247931068e-07
2,2020-03-16,0.00012885573339360739,1.5867135458838593e-05,-1.5919898356039685e-05
3,2020-03-17,0.0009489358828283317,0.00011627396611250138,-0.00011678746003062094
4,2020-03-18,0.00469451445587365,0.0005727893428139254,-0.0005758533343239048
5,2020-03-19,0.01725803289107071,0.0020960018838781826,-0.002109341395506144
6,2020-03-20,0.050153865734883285,0.006060173874781624,-0.006105548165826882
7,2020-03-21,0.12199937036518467,0.01466168354361018,-0.01478889208451073
8,2020-03-22,0.25962494111957657,0.03102804884426069,-0.03133506383397561
9,2020-03-23,0.498913305867936,0.05929196591324187,-0.05995129191271176
10,2020-03-24,0.8854111842763368,0.10463709329224313,-0.10592817106040298
11,2020-03-25,1.4747319493768989,0.17331894355154698,-0.1756662054659308
12,2020-03-26,2.3327600801481094,0.272663092176304,-0.2766791127465975
13,2020-03-27,3.5356674243210997,0.4110426223050889,-0.4175756800324466
14,2020-03-28,5.169752410786732,0.5978368069081341,-0.6080220811032246
15,2020-03-29,7.331115561331484,0.8433730512358286,-0.8586866038419458
16,2020-03-30,10.125185753784486,1.1588542912060937,-1.1811689483952232
17,2020-03-31,13.666113597604511,1.5562740454932111,-1.587916271212821
18,2020-04-01,18.076048735242427,2.0483213179882114,-2.0921281887619987
19,2020-04-02,23.484318339991827,2.648277541615233,-2.7076529166711545
20,2020-04-03,30.026524363262766,3.3699076119161333,-3.4488766964950344
21,2020-04-04,37.84357602210355,4.227346960752861,-4.33060844130145
22,2020-04-05,47.08067442008401,5.234986556500765,-5.367961599151215
23,2020-04-06,57.88626489863542,6.407357436077774,-6.576234891881846
24,2020-04-07,70.4109711475034,7.759016343293155,-7.970793569215644
25,2020-04-08,84.80652566230151,9.304433803829298,-9.566952621722223
26,2020-04-09,101.22470840788283,11.057885853443466,-11.379863213285816
27,2020-04-10,119.81630449104085,13.033350274092868,-13.42440331391127
28,2020-04-11,140.73009269967565,15.244408703494628,-15.715073914516154
29,2020-04-12,164.1118716102317,17.704154597948587,-18.26590097761337
30,2020-04-13,190.1035316945612,20.425108188754308,-21.090344248904472
31,2020-04-14,218.84218033909443,23.419138684615064,-24.201213312290605
32,2020-04-15,250.45932490934905,26.69739405412389,-27.610591259226652
33,2020-04-16,285.0801177570226,30.270238542306288,-31.32976621315325
34,2020-04-17,322.82266679260937,34.14719806421516,-35.369170876702924
35,2020-04-18,363.79741308477776,38.33691342393155,-39.738330151894274
36,2020-04-19,408.1065814523816,42.84710163934125,-44.445817047299045
37,2020-04-20,455.84369656303,47.68452449310922,-49.49921629451893
38,2020-04-21,507.0931706111115,52.8549646855343,-54.905095678740565
39,2020-04-22,561.9299619308289,58.363208908581896,-60.66898460727333
40,2020-04-23,620.4192921818221,64.2130385283815,-66.79536096783056
41,2020-04-24,682.6164532059291,70.40722618536665,-73.28764414073692
42,2020-04-25,748.566653185414,76.9475385310858,-80.14819444806938
43,2020-04-26,818.3049361870802,83.83474493456413,-87.3783190471695
44,2020-04-27,891.8561607526582,91.06863147374315,-94.97828368013609
45,2020-04-28,969.2350303170017,98.64801961656008,-102.94732922685228
46,2020-04-29,1050.4461786888205,106.5707894402799,-111.28369355298128
47,2020-04-30,1135.4843044647878,114.83390749659657,-119.98463801308583
48,2020-05-01,1224.334350011765,123.43345766117227,-129.0464776672211
49,2020-05-02,1316.9717270345118,132.3646759831588,-138.46461611266523
50,2020-05-03,1413.3625580143635,141.62198181270628,-148.23357464103992
51,2020-05-04,1513.463996011835,151.19903326592635,-158.34705027046857
52,2020-05-05,1617.224536190058,161.0887465469275,-168.79793614497612
53,2020-05-06,1724.584364688224,171.2833552405118,-179.57837947035569
54,2020-05-07,1835.4757441327151,181.77444304955475,-190.67982877285544
55,2020-05-08,1949.8233767500315,192.5530187831946,-202.09304887249527
56,2020-05-09,2067.544882376264,203.60950497476688,-213.80823337482957
57,2020-05-10,2188.5511612862924,214.93384001064578,-225.8149882449045
58,2020-05-11,2312.7468622566666,226.5154998879143,-238.1024129924408
59,2020-05-12,2440.030822407836,238.3435444422862,-250.65914154940356
60,2020-05-13,2570.296518527411,250.4066654330095,-263.4733918855827
61,2020-05-14,2703.4325216577945,262.69323733539795,-276.5330101728123
62,2020-05-15,2839.3229535080895,275.19136023124156,-289.8255240083399
63,2020-05-16,2977.847907939073,287.88887061923197,-303.3381926407624
64,2020-05-17,3118.883979660557,300.7734544402074,-317.0580323818517
65,2020-05-18,3262.304618215317,313.8326320289998,-330.97187925959315
66,2020-05-19,3407.980608654202,327.0538084319269,-345.0664255130273
67,2020-05-20,3555.780490599284,340.4243182199889,-359.32826225386543
68,2020-05-21,3705.57096914132,353.93146454753423,-373.7439137467145
69,2020-05-22,3857.2173339129185,367.56253849842506,-388.29988975694505
70,2020-05-23,4010.5838338938934,381.30487930303616,-402.98270021030294
71,2020-05-24,4165.534060661302,395.1458844357858,-417.7789035075775
72,2020-05-25,4321.931317173051,409.0730472389532,-432.67514500295783
73,2020-05-26,4479.638964352331,423.0739832611771,-447.65817646647247
74,2020-05-27,4638.520755711811,437.13645809826903,-462.71489212895904
75,2020-05-28,4798.44115162429,451.24841270385696,-477.8323534850015
76,2020-05-29,4959.265620979439,465.3979905179249,-492.99780430440387
77,2020-05-30,5120.860927570309,479.5735477291737,-508.1987113647092
78,2020-05-31,5283.095386956137,493.76367937380473,-523.4227734860988
79,2020-06-01,5445.839118259291,507.9572485068511,-538.6579419667596
80,2020-06-02,5608.964325849497,522.1433483171604,-553.8924842271699
81,2020-06-03,5772.345432767824,536.3113993506704,-569.1149184301785
82,2020-06-04,5935.859333102776,550.4511130920682,-584.3140738265729
83,2020-06-05,6099.385565136845,564.5525112373953,-599.4791193739302
84,2020-06-06,6262.8064790808985,578.6059353184337,-614.5995442074163
85,2020-06-07,6426.007388693642,592.6020554519619,-629.6651813158342
86,2020-06-08,6588.876705337298,606.5318799572369,-644.6662130913182
87,2020-06-09,6751.306061435792,620.3867591730523,-659.5931805646533
88,2020-06-10,6913.190417650609,634.1583893763318,-674.4369904944069
89,2020-06-11,7074.428155339516,647.8388179309077,-689.1889150949592
90,2020-06-12,7234.921155718607,661.4204459838847,-703.8406006862524
91,2020-06-13,7394.5748673311455,674.896026512054,-718.3840680746744
92,2020-06-14,7553.298355980596,688.2586692105688,-732.8117101442467
93,2020-06-15,7711.00435080529,701.5018357036706,-747.1162966468773
94,2020-06-16,7867.609273395652,714.6193391950546,-761.2909709618352
95,2020-06-17,8023.033257191152,727.6053422598516,-775.329249087169
96,2020-06-18,8177.200156928454,740.4543544163053,-789.2250166410822
97,2020-06-19,8330.037548447497,753.1612262438248,-802.9725253676843
98,2020-06-20,8481.476718663522,765.7211467093894,-816.5663882538965
99,2020-06-21,8631.452647881397,778.1296374323465,-830.0015751678657
100,2020-06-22,8779.903983718958,790.3825471041819,-843.2734074887885
101,2020-06-23,8926.773007638692,802.4760443579144,-856.3775518903212
102,2020-06-24,9072.005593961798,814.406612549823,-869.3100132963027
103,2020-06-25,9215.551163521674,826.1710414975332,-882.0671282753101
104,2020-06-26,9357.362630259186,837.7664210628172,-894.6455573373296
105,2020-06-27,9497.396342870463,849.1901337131239,-907.0422766155007
106,2020-06-28,9635.61202269946,860.4398449220407,-919.2545712551146
107,2020-06-29,9771.97269477302,871.5134962983884,-931.280026249462
108,2020-06-30,9906.44461653088,882.4092953173185,-943.1165157635533
109,2020-07-01,10038.997201414382,893.1257121977742,-954.7621958236923
110,2020-07-02,10169.602943141921,903.6614639279796,-966.2154970262836
111,2020-07-03,10298.237331927407,914.0155097500265,-977.4751132832625
112,2020-07-04,10424.878771280775,924.1870415411431,-988.5399936567901
113,2020-07-05,10549.50849242208,934.1754718414322,-999.4093297093259
114,2020-07-06,10672.110465935262,943.9804357896537,-1010.0825494925248
115,2020-07-07,10792.671313870651,953.6017699569238,-1020.55930686391
116,2020-07-08,10911.180221967643,963.0395061199633,-1030.839474988019
117,2020-07-09,11027.628845419962,972.2938658083003,-1040.9231354385047
118,2020-07-10,11142.011220647297,981.365248433447,-1050.810566245047
119,2020-07-11,11254.323670499969,990.2542228280363,-1060.502234275842
120,2020-07-12,11364.564714803844,998.9615306450796,-1069.9987860418678
121,2020-07-13,11472.734979515892,1007.4880608413423,-1079.301036681747
122,2020-07-14,11578.837106017683,1015.834846271975,-1088.409968068654
123,2020-07-15,11682.875661657821,1024.0030578945225,-1097.326716142261
124,2020-07-16,11784.857050027233,1031.9939984419434,-1106.0525612232468
125,2020-07-17,11884.789420869147,1039.809095486853,-1114.5889157182319
126,2020-07-18,11982.682585077573,1047.4498861335578,-1122.9373239553224
127,2020-07-19,12078.547927917196,1054.9180173933237,-1131.099451306507
128,2020-07-20,12172.398330132557,1062.2152273193751,-1139.077079841536
129,2020-07-21,12264.248077123524,1069.343365705061,-1146.8720916565162
130,2020-07-22,12354.112776451117,1076.304354309901,-1154.4864622879813
131,2020-07-23,12442.00928048117,1083.100207557076,-1161.9222580614642
132,2020-07-24,12527.955619335258,1089.7329857426303,-1169.1816353926406
133,2020-07-25,12611.970913732239,1096.2048397017898,-1176.266819653927
134,2020-07-26,12694.07530351073,1102.5179747067887,-1183.1801168726015
135,2020-07-27,12774.289875775323,1108.6746513526996,-1189.9238999912213
136,2020-07-28,12852.636595450502,1114.6771789572613,-1196.5005863702027
137,2020-07-29,12929.138236939705,1120.527914961198,-1202.9126498626083
138,2020-07-30,13003.818319124164,1126.2292490348736,-1209.1626120012552
139,2020-07-31,13076.701041152859,1131.7836099493816,-1215.2530344854931
140,2020-08-01,13147.811220794767,1137.1934549165853,-1221.1865150531812
141,2020-08-02,13217.174234516402,1142.461266546752,-1226.9656809105527
