,dates,prediction,+,-
0,2020-02-23,0.0,0.0,0.0
1,2020-02-24,4.196668123682701e-07,5.202645990357625e-08,-5.2121919767930386e-08
2,2020-02-25,7.232519169371293e-06,8.901221224081417e-07,-8.931884905435128e-07
3,2020-02-26,4.7487999305742106e-05,5.81312286561578e-06,-5.840035219045804e-06
4,2020-02-27,0.00023230678669781417,2.8343722055682968e-05,-2.8495404996110776e-05
5,2020-02-28,0.0010259372110881188,0.0001249635335400874,-0.0001256781468527143
6,2020-02-29,0.004373158927127359,0.0005322722424201043,-0.0005354018105162531
7,2020-03-01,0.018407653075229968,0.0022397722538707136,-0.0022530885513581678
8,2020-03-02,0.0770306271126058,0.009371473642406175,-0.009427472853756863
9,2020-03-03,0.32066385721733504,0.03900755986682092,-0.03924154022713133
10,2020-03-04,1.3226259454106655,0.16086591061486688,-0.16183668080170532
11,2020-03-05,5.262826896017169,0.6396700451383142,-0.6436247594598923
12,2020-03-06,17.903339593628967,2.169780826393829,-2.18458249822573
13,2020-03-07,48.09396579130029,5.79784997529638,-5.844190395599952
14,2020-03-08,105.44373313940156,12.626529633620294,-12.746079895641898
15,2020-03-09,198.6659206060331,23.613109251449146,-23.87525187784874
16,2020-03-10,334.7548583624111,39.47737164191676,-39.98342859974832
17,2020-03-11,518.7088414272399,60.67896830381608,-61.56373801791102
18,2020-03-12,753.5687542392777,87.43329830527784,-88.8641967350344
19,2020-03-13,1040.6196002602248,119.74577071218323,-121.92007828224575
20,2020-03-14,1379.6609158235174,157.45239430442507,-160.59315618098822
21,2020-03-15,1769.2915308517333,200.25996500072665,-204.61105284994778
22,2020-03-16,2207.1792412500704,247.7824480490185,-253.60321366496078
23,2020-03-17,2690.301289954222,299.5721377313125,-307.13199980940226
24,2020-03-18,3215.150541842423,355.14530365654355,-364.7185230245118
25,2020-03-19,3777.9072632955167,414.0026300798645,-425.86345282350567
26,2020-03-20,4374.579000346041,475.6450324337802,-490.0633171162376
27,2020-03-21,5001.112195820268,539.5855301495567,-556.82292483115
28,2020-03-22,5653.479509782909,605.3578494200101,-625.6645453386245
29,2020-03-23,6327.746686432838,672.5223736580037,-696.1344336231732
30,2020-03-24,7020.12247251043,740.6699825350515,-767.8072215901011
31,2020-03-25,7726.994668007858,809.424238939132,-840.2886210160787
32,2020-03-26,8444.95495057576,878.4423052606362,-913.2168109562726
33,2020-03-27,9170.814708236925,947.4149016322899,-986.2628175974542
34,2020-03-28,9901.613733631859,1016.0655569319752,-1059.1301357268421
35,2020-03-29,10634.623328083759,1084.1493544488967,-1131.553794293135
36,2020-03-30,11367.345057584434,1151.4513288559538,-1203.299024548478
37,2020-03-31,12097.506209720452,1217.7846401100742,-1274.1596595614647
38,2020-04-01,12823.05277619869,1282.9886187649554,-1343.9563631359197
39,2020-04-02,13542.140637025466,1346.9267559478958,-1412.5347652921755
40,2020-04-03,14253.125496282413,1409.4846924905523,-1479.7635631138346
41,2020-04-04,14954.551982730938,1470.568247457124,-1545.5326306837615
42,2020-04-05,15645.142284629303,1530.1015155635214,-1609.7511720399762
43,2020-04-06,16323.784572480612,1588.025053314539,-1672.3459401895107
44,2020-04-07,16989.52142728421,1644.294166273492,-1733.2595382526852
45,2020-04-08,17641.53843506597,1698.8773057148392,-1792.4488139072891
46,2020-04-09,18279.153073820242,1751.7545788516109,-1849.8833540709747
47,2020-04-10,18901.803975708306,1802.9163705881838,-1905.544080503565
48,2020-04-11,19509.04064398933,1852.3620792083057,-1959.421950533626
49,2020-04-12,20100.51365994089,1900.0989591950674,-2011.5167584052724
50,2020-04-13,20675.96540496409,1946.1410669152756,-2061.836034505759
51,2020-04-14,21235.2213214471,1990.5083052740629,-2110.3940399832027
52,2020-04-15,21778.18171470722,2033.2255609143504,-2157.210851608179
53,2020-04-16,22304.814087412575,2074.3219270388217,-2202.3115310126886
54,2020-04-17,22815.14599514997,2113.8300056961416,-2245.725372976627
55,2020-04-18,23309.258425730153,2151.7852859398517,-2287.4852298964797
56,2020-04-19,23787.27966152859,2188.2255883639627,-2327.6269035639525
57,2020-04-20,24249.37961803675,2223.190572625328,-2366.188601278569
58,2020-04-21,24695.764630181693,2256.7213014853187,-2403.210450217146
59,2020-04-22,25126.672673340323,2288.8598575364667,-2438.7340665414813
60,2020-04-23,25542.36897224196,2319.6490050307875,-2472.8021717533084
61,2020-04-24,25943.14200480666,2349.1318960985845,-2505.458255868183
62,2020-04-25,26329.29985165255,2377.3518140405176,-2536.7462800681496
63,2020-04-26,26701.166881463294,2404.351951514065,-2566.710416751357
64,2020-04-27,27059.080747032236,2430.175219704084,-2595.3948230714705
65,2020-04-28,27403.389665653678,2454.8640848101095,-2622.8434442326397
66,2020-04-29,27734.449969347985,2478.4604295233366,-2649.099844215143
67,2020-04-30,28052.623902314634,2501.0054365073047,-2674.207060858109
68,2020-05-01,28358.277644293998,2522.539491233816,-2698.2074825416385
69,2020-05-02,28651.779546441,2543.102102345547,-2721.1427445889203
70,2020-05-03,28933.498560630134,2562.7318373271446,-2743.0536430475804
71,2020-05-04,29203.80284480864,2581.4662715593804,-2763.9800637991393
72,2020-05-05,29463.05853296195,2599.341949385889,-2783.9609255528303
73,2020-05-06,29711.628653875072,2616.394355563676,-2803.034134962585
74,2020-05-07,29949.87218481458,2632.6578957203637,-2821.236552367376
75,2020-05-08,30178.1432307159,2648.1658848167317,-2838.603967074345
76,2020-05-09,30396.790315942795,2662.9505424311064,-2855.1710808742246
77,2020-05-10,30606.155777790562,2677.042993904237,-2870.971498717081
78,2020-05-11,30806.575254097414,2690.473276617762,-2886.037725746468
79,2020-05-12,30998.377254774172,2703.2703505751088,-2900.4011697490096
80,2020-05-13,31181.882808685004,2715.4621126093552,-2914.0921482467566
81,2020-05-14,31357.40517958519,2727.075413691764,-2927.1398996368844
82,2020-05-15,31525.24964382597,2738.1360787971935,-2939.5725977486873
83,2020-05-16,31685.713322565374,2748.668928831983,-2951.417369234714
84,2020-05-17,31839.085063785245,2758.6978042703377,-2962.7003133861035
85,2020-05-18,31985.645368476646,2768.245590126913,-2973.446523929044
86,2020-05-19,32125.666355588746,2777.334241941233,-2983.680112408638
87,2020-05-20,32259.41176187648,2785.984812522467,-2993.4242328592954
88,2020-05-21,32387.136972324206,2794.217479208808,-3002.7011074591537
89,2020-05-22,32509.089077576136,2802.051571439646,-3011.5320529196324
90,2020-05-23,32625.506954636465,2809.5055984590035,-3019.9375073774536
91,2020-05-24,32736.621368142612,2816.59727700445,-3027.9370576074143
92,2020-05-25,32842.65508937086,2823.343558846791,-3035.5494663822938
93,2020-05-26,32943.823030330124,2829.7606580686115,-3042.7926998309485
94,2020-05-27,33040.33239063356,2835.864077992199,-3049.6839546723277
95,2020-05-28,33132.38281522119,2841.668637675233,-3056.239685217526
96,2020-05-29,33220.16656103326,2847.1884979094757,-3062.475630047302
97,2020-05-30,33303.86867095107,2852.4371866666697,-3068.406838285602
98,2020-05-31,33383.667153469774,2857.4276239522733,-3074.0476954070255
99,2020-06-01,33459.73316678908,2862.1721460334084,-3079.411948525456
100,2020-06-02,33532.231206142846,2866.6825290109045,-3084.512731116891
101,2020-06-03,33601.319293277724,2870.97001171844,-3089.3625871426666
102,2020-06-04,33667.14916712223,2875.045317933451,-3093.9734945440396
103,2020-06-05,33729.866474803785,2878.918677894195,-3098.356888089329
104,2020-06-06,33789.610962281,2882.5998491215723,-3102.5236815609605
105,2020-06-07,33846.51666393394,2886.0981365401385,-3106.484289267155
106,2020-06-08,33900.71209054267,2889.4224119063583,-3110.2486468772004
107,2020-06-09,33952.32041514202,2892.5811325459363,-3113.826231574036
108,2020-06-10,34001.45965633583,2895.582359414737,-3117.2260815320187
109,2020-06-11,34048.24285868984,2898.433774488898,-3120.4568147192294
110,2020-06-12,34092.778269900526,2901.142697501018,-3123.5266470359857
111,2020-06-13,34135.16951448556,2903.716102036342,-3126.4434097991216
112,2020-06-14,34175.51576371445,2906.160630993574,-3129.2145665723183
113,2020-06-15,34213.91190167259,2908.482611440595,-3131.8472293697923
114,2020-06-16,34250.44868726967,2910.6880688719903,-3134.348174237144
115,2020-06-17,34285.21291208484,2912.7827408872763,-3136.723856226101
116,2020-06-18,34318.287554001145,2914.772090311817,-3138.9804237831813
117,2020-06-19,34349.7519264919,2916.6613177668914,-3141.1237325567236
118,2020-06-20,34379.68182360465,2918.4553737180104,-3143.1593586507843
119,2020-06-21,34408.14966058722,2920.1589700128534,-3145.092611335949
120,2020-06-22,34435.22461016442,2921.7765909274167,-3146.928545234936
121,2020-06-23,34460.97273447516,2923.3125037367645,-3148.671971998927
122,2020-06-24,34485.45711274818,2924.770768832219,-3150.327471496632
123,2020-06-25,34508.73796465656,2926.15524939078,-3151.8994025207576
124,2020-06-26,34530.87276952892,2927.469620626667,-3153.391913043055
125,2020-06-27,34551.91638139862,2928.7173786319545,-3154.808950024275
126,2020-06-28,34571.92113998759,2929.901848825153,-3156.1542687985893
127,2020-06-29,34590.93697771496,2931.0261940242126,-3157.431442049259
128,2020-06-30,34609.011522788845,2932.093422156402,-3158.6438683886154
129,2020-07-01,34626.19019846738,2933.1063936199353,-3159.7947805573713
130,2020-07-02,34642.51631861333,2934.0678283142406,-3160.8872532615314
131,2020-07-03,34658.03117960263,2934.980312349624,-3161.924210657715
132,2020-07-04,34672.77414869034,2935.8463044503587,-3162.908433501827
133,2020-07-05,34686.78274896214,2936.6681420665045,-3163.842565977553
134,2020-07-06,34700.09274090577,2937.4480472015202,-3164.729122211709
135,2020-07-07,34712.73820075783,2938.1881319724853,-3165.5704924946876
136,2020-07-08,34724.751595708134,2938.8904039128684,-3166.368949216703
137,2020-07-09,34736.16385605317,2939.5567710285686,-3167.126652531082
138,2020-07-10,34747.00444439794,2940.189046617823,-3167.8456557563404
139,2020-07-11,34757.30142202794,2940.788953867508,-3168.5279105302543
140,2020-07-12,34767.081512501885,2941.3581302318416,-3169.1752717227027
141,2020-07-13,34776.3701625902,2941.898131605776,-3169.7895021202894
142,2020-07-14,34785.191600658974,2942.4104363023507,-3170.3722768933367
143,2020-07-15,34793.56889256946,2942.8964488414495,-3170.9251878528157
144,2020-07-16,34801.52399519365,2943.357503559135,-3171.449747507486
145,2020-07-17,34809.0778076334,2943.79486804553,-3171.9473929301275
146,2020-07-18,34816.25022024589,2944.2097464204926,-3172.4194894426073
147,2020-07-19,34823.06016149588,2944.6032824495633,-3172.867334122926
148,2020-07-20,34829.525642806584,2944.976562514443,-3173.2921591494487
149,2020-07-21,34835.66380142042,2945.330618439235,-3173.695134984322
150,2020-07-22,34841.490941375654,2945.6664301817727,-3174.0773734054783
151,2020-07-23,34847.02257265733,2945.9849283944714,-3174.4399303931714
152,2020-07-24,34852.27344864805,2946.2869968650703,-3174.7838088814933
153,2020-07-25,34857.257601825106,2946.5734748336836,-3175.1099613716724
154,2020-07-26,34861.988377925896,2946.8451592029814,-3175.419292425373
155,2020-07-27,34866.478468542664,2947.1028066391154,-3175.7126610354026
156,2020-07-28,34870.73994224724,2947.3471355709626,-3175.990882882503
157,2020-07-29,34874.784274299556,2947.578828092148,-3176.254732482779
158,2020-07-30,34878.6223750025,2947.7985317704733,-3176.504945231198
159,2020-07-31,34882.26461677278,2948.0068613700205,-3176.742219347012
160,2020-08-01,34885.72085993513,2948.204400486895,-3176.967217721969
161,2020-08-02,34889.000477363115,2948.3917031073433,-3177.180569681259
