,dates,prediction,+,-
0,2020-03-06,0.0,0.0,0.0
1,2020-03-07,3.6273588616954284e-06,4.496744495926978e-07,-4.5050228045930825e-07
2,2020-03-08,5.891577569479925e-05,7.248208823139521e-06,-7.2737742155508915e-06
3,2020-03-09,0.0003426330890699476,4.189016526369259e-05,-4.2095701162486005e-05
4,2020-03-10,0.0014031169956895025,0.0001707642095710091,-0.00017177294474769213
5,2020-03-11,0.004968895468801748,0.0006029552186802914,-0.0006069040523874868
6,2020-03-12,0.016529177103632164,0.002002352780210423,-0.0020162015110409322
7,2020-03-13,0.0535237430676934,0.006478124336706491,-0.006524168585083999
8,2020-03-14,0.17123076401752066,0.020715216739007697,-0.020864442463549265
9,2020-03-15,0.5438811398952315,0.06578106129304495,-0.06625851672268179
10,2020-03-16,1.7082771778185,0.20654711320449204,-0.20806041211786797
11,2020-03-17,5.018681782353354,0.6058275752809106,-0.6104827954040131
12,2020-03-18,12.6149248993856,1.5166260267711813,-1.5296413371862325
13,2020-03-19,26.84086375730524,3.2079803491628063,-3.2396706580199286
14,2020-03-20,49.804318016629125,5.911301546059875,-5.9787163765467
15,2020-03-21,83.15598491930908,9.795501360996624,-9.923421386851686
16,2020-03-22,128.01400627164423,14.960682482021525,-15.18191913896041
17,2020-03-23,184.9747962327314,21.44236823177812,-21.79744145553974
18,2020-03-24,254.16982532566658,29.220948468412075,-29.757275839848262
19,2020-03-25,335.3426814548394,38.233039794390436,-39.003785036192994
20,2020-03-26,427.9308776471491,48.38283661518176,-49.445556085236035
21,2020-03-27,531.1436175338281,59.55242810949096,-60.96763316477495
22,2020-03-28,644.0310414285121,71.61061768747118,-73.44034610049005
23,2020-03-29,765.5431544981052,84.42011938560017,-86.72658467489612
24,2020-03-30,894.5782135986503,97.84319505957956,-100.68756084135873
25,2020-03-31,1030.0212328139844,111.7458943003794,-115.18720249931539
26,2020-04-01,1170.773693813881,126.00109813826884,-130.0953653261381
27,2020-04-02,1315.7757064207276,140.49057388621623,-145.2900588764619
28,2020-04-03,1464.021864813813,155.10623607746038,-160.6588737886882
29,2020-04-04,1614.5719568047298,169.75078680470097,-176.0997778171561
30,2020-04-05,1766.557555211443,184.3378839065631,-191.52142558077685
31,2020-04-06,1919.1853783009442,198.79196061750008,-206.8431036748409
32,2020-04-07,2071.738165807073,213.0477972043318,-221.99441089922152
33,2020-04-08,2223.5736878085654,227.04992476884718,-236.91475388401386
34,2020-04-09,2374.122388742176,240.75192392672307,-251.55272153396754
35,2020-04-10,2522.8840693144516,254.11566643670676,-265.86538747785835
36,2020-04-11,2669.4239265813844,267.11053605685083,-279.81757815438505
37,2020-04-12,2813.36820059951,279.71265499552374,-293.3811343724233
38,2020-04-13,2954.3996205786357,291.9041348826622,-306.53418677418176
39,2020-04-14,3092.252796248822,303.6723650864892,-319.26045949735226
40,2020-04-15,3226.7096628508725,315.0093465732275,-331.54861162941415
41,2020-04-16,3357.5950583559966,325.9110759799887,-343.39162241683925
42,2020-04-17,3484.772488231431,336.3769819436461,-354.78622345125723
43,2020-04-18,3608.140114331995,346.4094137745292,-365.7323789710549
44,2020-04-19,3727.626990696887,356.0131812180466,-376.23281395239337
45,2020-04-20,3843.1895578824933,365.195143073096,-386.29258856709794
46,2020-04-21,3954.8083993736914,373.9638418417512,-395.91871687574803
47,2020-04-22,4062.4852575501923,382.3291812080656,-405.1198271455046
48,2020-04-23,4166.240302234321,390.3021429646442,-413.90586090645047
49,2020-04-24,4266.109641757302,397.89453996544944,-422.28780773429116
50,2020-04-25,4362.143064693894,405.1188018026787,-430.2774727864894
51,2020-04-26,4454.401998404808,411.98778984297223,-437.8872740071006
52,2020-04-27,4542.957670650007,418.51463868030805,-445.1300662520198
53,2020-04-28,4627.889459936798,424.71262108868086,-452.01898958739366
54,2020-04-29,4709.28342025994,430.59503381562627,-458.5673392172721
55,2020-04-30,4787.23096650172,436.1751017976194,-464.78845470433043
56,2020-05-01,4861.827707032161,441.4658985600263,-470.69562629934535
57,2020-05-02,4933.172410751242,446.4802807850365,-476.3020163912797
58,2020-05-03,5001.366096807133,451.2308352749387,-481.6205943133227
59,2020-05-04,5066.511235278106,455.7298366153527,-486.66408280343876
60,2020-05-05,5128.711048592848,459.9892141397777,-491.4449146987854
61,2020-05-06,5188.068903922077,464.02052690125856,-495.9751985408002
62,2020-05-07,5244.687787423636,467.83494548757517,-500.26669189160384
63,2020-05-08,5298.66985206042,471.44323968334083,-504.33078132090395
64,2020-05-09,5350.116031324095,474.85577107914105,-508.1784681188092
65,2020-05-10,5399.125712197736,478.08248988622927,-511.82035894642104
66,2020-05-11,5445.796460317466,481.1329351942595,-515.2666606091698
67,2020-05-12,5490.223792291111,484.01623816837036,-518.5271784040915
68,2020-05-13,5532.500989502306,486.74112761903416,-521.6113174240827
69,2020-05-14,5572.718948695932,489.3159375021878,-524.5280863304997
70,2020-05-15,5610.966065091429,491.7486159738155,-527.2861031724706
71,2020-05-16,5647.328144095738,494.04673566078964,-529.8936028714315
72,2020-05-17,5681.888338112761,496.21750486229575,-532.3584460443681
73,2020-05-18,5714.727105149849,498.26777943205434,-534.6881288745108
74,2020-05-19,5745.922186888069,500.20407516915384,-536.8897938278296
75,2020-05-20,5775.548602927681,502.0325804851418,-538.970240939716
76,2020-05-21,5803.6786595358135,503.7591692521546,-540.9359395516476
77,2020-05-22,5830.3819705896085,505.3894136804365,-542.7930403148384
78,2020-05-23,5855.725488955691,506.92859713641064,-544.5473873445881
79,2020-05-24,5879.773546745455,508.38172681286323,-546.2045304140256
80,2020-05-25,5902.587902814529,509.75354618487654,-547.7697370941569
81,2020-05-26,5924.2277966111515,511.04854719701143,-549.2480047726303
82,2020-05-27,5944.750006891787,512.2709821361377,-550.644072480206
83,2020-05-28,5964.208914445194,513.4248751607684,-551.9624324812066
84,2020-05-29,5982.6565679272935,514.5140334656007,-553.207341590647
85,2020-05-30,6000.142752134664,515.5420580515765,-554.3828321776327
86,2020-05-31,6016.715057899829,516.5123541028888,-555.4927228401757
87,2020-06-01,6032.418953124019,517.428140957606,-556.5406287297619
88,2020-06-02,6047.297854395748,518.2924616685168,-557.5299715116889
89,2020-06-03,6061.393198757705,519.1081921705836,-558.4639889677701
90,2020-06-04,6074.744515276609,519.8780500274661,-559.3457442094195
91,2020-06-05,6087.389496025538,520.6046027973198,-560.1781345305035
92,2020-06-06,6099.3640662558555,521.2902760059706,-560.9638998848277
93,2020-06-07,6110.702453512153,521.9373607443704,-561.705630999124
94,2020-06-08,6121.437255491851,522.548020900932,-562.4057771275629
95,2020-06-09,6131.599506455504,523.1243000300974,-563.0666534455013
96,2020-06-10,6141.218742140504,523.6681278939604,-563.6904481154534
97,2020-06-11,6150.323062980761,524.1813266607605,-564.279229006891
98,2020-06-12,6158.939195602708,524.6656167921365,-564.8349500987179
99,2020-06-13,6167.092552516019,525.1226226245235,-565.3594575680472
100,2020-06-14,6174.807289963319,525.5538776599697,-565.8544955787675
101,2020-06-15,6182.106363912607,525.9608295808703,-566.3217117831064
102,2020-06-16,6189.011584124409,526.3448449933239,-566.7626625394469
103,2020-06-17,6195.543666360847,526.7072139227539,-567.1788178695206
104,2020-06-18,6201.722282694703,527.049154065664,-567.5715661579243
105,2020-06-19,6207.566109947075,527.3718148120697,-567.9422186080346
106,2020-06-20,6213.092876285106,527.6762810507898,-568.292013466259
107,2020-06-21,6218.319405996909,527.9635767670461,-568.6221200237569
108,2020-06-22,6223.261662459546,528.2346684412132,-568.9336424042212
109,2020-06-23,6227.9347893817585,528.4904682639462,-569.2276231533369
110,2020-06-24,6232.353150324333,528.7318371726751,-569.5050466346738
111,2020-06-25,6236.530366557471,528.9595877208503,-569.7668422436909
112,2020-06-26,6240.479353297693,529.1744867883463,-570.0138874484519
113,2020-06-27,6244.212354380256,529.3772581422663,-570.2470106666706
114,2020-06-28,6247.740975388851,529.568584853675,-570.466993984649
115,2020-06-29,6251.076215328909,529.7491115815737,-570.6745757301296
116,2020-06-30,6254.228496867068,529.9194467286625,-570.8704529037441
117,2020-07-01,6257.207695197692,530.080164476989,-571.0552834776354
118,2020-07-02,6260.023165571556,530.2318067088108,-571.2296885668557
119,2020-07-03,6262.683769603089,530.3748848245868,-571.3942544865185
120,2020-07-04,6265.197900257298,530.5098814513922,-571.549534687043
121,2020-07-05,6267.573505730268,530.6372520618297,-571.6960515895144
122,2020-07-06,6269.818112168778,530.7574264997438,-571.8342983169969
123,2020-07-07,6271.938845310696,530.8708104209481,-571.9647403307154
124,2020-07-08,6273.9424510755425,530.9777866524955,-572.0878169749567
125,2020-07-09,6275.835315174125,531.0787164768972,-572.2039429377
126,2020-07-10,6277.62348175555,531.1739408436424,-572.3135096295428
127,2020-07-11,6279.312671115851,531.2637815108128,-572.4168864839212
128,2020-07-12,6280.908296574249,531.3485421256773,-572.514422188543
129,2020-07-13,6282.415480488061,531.4285092425507,-572.606445846026
130,2020-07-14,6283.839069466228,531.5039532831797,-572.6932680696009
131,2020-07-15,6285.1836488400895,531.5751294444763,-572.775182019257
132,2020-07-16,6286.453556402281,531.6422785548075,-572.8524643796245
133,2020-07-17,6287.652895452389,531.7056278821092,-572.9253762832959
134,2020-07-18,6288.785547172872,531.7653918959413,-572.9941641818532
135,2020-07-19,6289.85518239345,531.8217729879098,-573.0590606696669
136,2020-07-20,6290.865272731548,531.8749621499464,-573.1202852597844
137,2020-07-21,6291.8191011789395,531.9251396156023,-573.1780451177647
138,2020-07-22,6292.7197721447565,531.972475465268,-573.2325357544723
139,2020-07-23,6293.570220972032,532.0171301967812,-573.2839416794459
140,2020-07-24,6294.373223002014,532.0592552665394,-573.3324370206665
141,2020-07-25,6295.131402097425,532.0989935954794,-573.378186104278
142,2020-07-26,6295.847238760521,532.1364800492074,-573.4213440048061
143,2020-07-27,6296.523077842224,532.1718418919818,-573.4620570655334
144,2020-07-28,6297.161135836052,532.2051992143679,-573.5004633888238
145,2020-07-29,6297.763507792774,532.2366653370173,-573.5366932991637
146,2020-07-30,6298.332173856813,532.2663471908245,-573.5708697792006
147,2020-07-31,6298.86900546514,532.294345676115,-573.6031088818199
148,2020-08-01,6299.375771237014,532.3207560027586,-573.6335201203892
149,2020-08-02,6299.854142538638,532.3456680102954,-573.6622068361294
