,dates,prediction,+,-
0,2020-02-20,0.0,0.0,0.0
1,2020-02-21,7.113965798901681e-06,8.819028444937886e-07,-8.83525804052456e-07
2,2020-02-22,0.00012011125760734969,1.4780775344313686e-05,-1.4832044318295056e-05
3,2020-02-23,0.0007696165739174823,9.418857136522893e-05,-9.462951194248053e-05
4,2020-02-24,0.0036585522065088923,0.0004462098822692936,-0.0004486352224908653
5,2020-02-25,0.01560752878248583,0.001900033583942409,-0.0019111258413540434
6,2020-02-26,0.06287952879652335,0.0076456949358989085,-0.0076923217652232825
7,2020-02-27,0.21778386073374256,0.026404482569601845,-0.026582356422396425
8,2020-02-28,0.5899318738802761,0.07113751581843053,-0.07170182219833576
9,2020-02-29,1.2907422942498896,0.15456772056020585,-0.15603014860012254
10,2020-03-01,2.4120177936120184,0.28660962331225237,-0.28980930786542913
11,2020-03-02,4.018159463714944,0.4735588602156593,-0.47969622781411614
12,2020-03-03,6.145914957921432,0.7182209646338418,-0.7288562489990786
13,2020-03-04,8.807680326329615,1.0204561414025122,-1.0374798089399828
14,2020-03-05,11.996091225957752,1.3778492175827228,-1.4034329349616304
15,2020-03-06,15.688717930013118,1.786357905045607,-1.8228940700942236
16,2020-03-07,19.852307342189786,2.24087503277957,-2.290911467145346
17,2020-03-08,24.446362462234998,2.735684949291194,-2.801859745137712
18,2020-03-09,29.426030275230026,3.2648166108194445,-3.3497966373562527
19,2020-03-10,34.744354239149075,3.8223056813171468,-3.928731009785526
20,2020-03-11,40.35398087696875,4.402381122281682,-4.53281664656479
21,2020-03-12,46.20841620474485,4.999591549559348,-5.156486344587705
22,2020-03-13,52.26292113504069,5.608884954700322,-5.794539389340258
23,2020-03-14,58.47512323395182,6.2256532140735885,-6.442193478094502
24,2020-03-15,64.80540927374743,6.845750633606059,-7.095110111585491
25,2020-03-16,71.21715088594237,7.465493831916973,-7.749400627568235
26,2020-03-17,77.67680494932871,8.081648609386392,-8.401618465295428
27,2020-03-18,84.15392151102667,8.691408109702166,-9.04874195922828
28,2020-03-19,90.62108465211902,9.292365496277768,-9.688150908248147
29,2020-03-20,97.05380606828386,9.882483540214082,-10.317599363968057
30,2020-03-21,103.43038655347613,10.460062866162403,-10.93518644447741
31,2020-03-22,109.73175671856639,11.023710081730727,-11.539326463262867
32,2020-03-23,115.94130577595868,11.572306672813141,-12.128719323114026
33,2020-03-24,122.04470486919968,12.104979242096391,-12.702321818398076
34,2020-03-25,128.02972976513783,12.621071463362085,-13.259320280585229
35,2020-03-26,133.8860864334071,13.120117969034197,-13.79910484252484
36,2020-03-27,139.60524201848762,13.601820273669631,-14.321245476955625
37,2020-03-28,145.18026294518648,14.066024755131991,-14.825469878491276
38,2020-03-29,150.60566129670428,14.512702657467685,-15.311643194976313
39,2020-03-30,155.87725016205047,14.941932040332176,-15.77974956995456
40,2020-03-31,160.99200830135518,15.353881575566476,-16.22987542833249
41,2020-04-01,165.94795423410113,15.748796072649753,-16.662194414969974
42,2020-04-02,170.7440296429789,16.126983610431182,-17.07695388597935
43,2020-04-03,175.37999187568937,16.488804147308173,-17.474462844900188
44,2020-04-04,179.8563152085121,16.834659483660488,-17.855081213515632
45,2020-04-05,184.17410048220253,17.16498445517996,-18.21921032916731
46,2020-04-06,188.3349926669726,17.480239238830592,-18.56728456115917
47,2020-04-07,192.34110589460178,17.780902661637555,-18.899763944894318
48,2020-04-08,196.19495548677918,18.06746640995391,-19.217127737981684
49,2020-04-09,199.89939650402454,18.340430043252383,-19.5198688074301
50,2020-04-10,203.45756834730506,18.60029672448411,-19.808488763615145
51,2020-04-11,206.87284496107534,18.847569587022576,-20.083493763523194
52,2020-04-12,210.14879020362963,19.082748665359446,-20.34539091199281
53,2020-04-13,213.28911796510135,19.30632832260784,-20.59468519479094
54,2020-04-14,216.29765664481852,19.518795115626176,-20.831876884502122
55,2020-04-15,219.17831761027014,19.720626043376797,-21.05745936439189
56,2020-04-16,221.93506729506652,19.912287130832084,-21.271917321814982
57,2020-04-17,224.5719025797867,20.09423230197251,-21.475725263389165
58,2020-04-18,227.0928292529716,20.26690251302773,-21.669346322612114
59,2020-04-19,229.50184313555192,20.43072509867301,-21.853231309950587
60,2020-04-20,231.80291369522934,20.58611330913007,-22.02781798246332
61,2020-04-21,233.99996989471518,20.73346600939425,-22.193530502401813
62,2020-04-22,236.0968880543552,20.873167516816636,-22.35077905931763
63,2020-04-23,238.09748150657805,21.00558755478903,-22.49995963144923
64,2020-04-24,240.00549188350936,21.131081305980103,-22.641453868474713
65,2020-04-25,241.82458185681992,21.249989548146118,-22.775629076866608
66,2020-04-26,243.55832918043737,21.36263885867666,-22.902838292490657
67,2020-04-27,245.21022187908343,21.469341874749404,-23.023420425558243
68,2020-04-28,246.7836544723167,21.570397599389082,-23.137700467021716
69,2020-04-29,248.281925111239,21.66609174374537,-23.245989745261
70,2020-04-30,249.70823352120803,21.75669709751159,-23.348586223670793
71,2020-05-01,251.06567965320096,21.842473920550162,-23.445774830963984
72,2020-05-02,252.35726295790184,21.923670349808305,-23.5378278171504
73,2020-05-03,253.58588220760882,22.000522816560334,-23.625005129218835
74,2020-05-04,254.75433579253047,22.073256469514206,-23.707554801040175
75,2020-05-05,255.86532242677032,22.142085600140433,-23.785713352920254
76,2020-05-06,256.92144220836917,22.20721406719315,-23.85970619696471
77,2020-05-07,257.92519798208474,22.268835717809623,-23.929748044880768
78,2020-05-08,258.87899695915456,22.32713480308564,-23.99604331541613
79,2020-05-09,259.7851525526009,22.38228638633251,-24.058786539001346
80,2020-05-10,260.6458863904217,22.434456742666214,-24.118162757645933
81,2020-05-11,261.46333047565963,22.48380374876524,-24.174347918429646
82,2020-05-12,262.23952946317183,22.530477261919827,-24.227509259221875
83,2020-05-13,262.976443028137,22.574619487715495,-24.277805685551215
84,2020-05-14,263.67594830304796,22.616365335851015,-24.325388137738884
85,2020-05-15,264.33984236307975,22.65584276382117,-24.37039994767312
86,2020-05-16,264.9698447427396,22.693173108175245,-24.41297718464608
87,2020-05-17,265.5675999676008,22.728471403402466,-24.453248990004113
88,2020-05-18,266.1346800884151,22.761846688327864,-24.491337900276136
89,2020-05-19,266.672587205436,22.79340230016993,-24.527360158701782
90,2020-05-20,267.1827559730636,22.82323615645589,-24.561426015164415
91,2020-05-21,267.6665560760497,22.85144102489045,-24.59364001446511
92,2020-05-22,268.1252946697936,22.878104781528066,-24.624101273131572
93,2020-05-23,268.5602187787097,22.90331065752008,-24.652903744910986
94,2020-05-24,268.97251764733966,22.92713747473124,-24.680136475130695
95,2020-05-25,269.36332503976286,22.949659870542064,-24.70588384414441
96,2020-05-26,269.73372148414757,22.970948512247674,-24.73022580019753
97,2020-05-27,270.08473645894827,22.99107030128198,-24.753238081865675
98,2020-05-28,270.41735051939355,23.01008856779282,-24.77499243053782
99,2020-05-29,270.7324973621687,23.02806325582145,-24.795556793145494
100,2020-05-30,271.0310658271788,23.045051099473312,-24.814995515485975
101,2020-05-31,271.31390183639445,23.06110579052927,-24.833369526561626
102,2020-06-01,271.5818102680037,23.076278137652025,-24.850736514051704
103,2020-06-02,271.83555676755856,23.090616217778916,-24.867151091502336
104,2020-06-03,272.0758694953838,23.104165519889364,-24.882664957399214
105,2020-06-04,272.30344081110826,23.11696908153175,-24.89732704650359
106,2020-06-05,272.51892889597866,23.129067618426802,-24.91118367375728
107,2020-06-06,272.72295931449935,23.140499647525075,-24.924278671140655
108,2020-06-07,272.9161265150168,23.15130160366573,-24.936653517618907
109,2020-06-08,273.09899527225656,23.161507950333714,-24.94834746268978
110,2020-06-09,273.2721020719372,23.171151284662415,-24.95939764367688
111,2020-06-10,273.4359564392672,23.18026243700541,-24.969839197102658
112,2020-06-11,273.59104221287134,23.188870565346406,-24.979705364419488
113,2020-06-12,273.737818765588,23.19700324479146,-24.9890275923525
114,2020-06-13,273.8767221732822,23.204686552350665,-24.997835628067122
115,2020-06-14,274.00816633410045,23.211945147318318,-25.006157609494096
116,2020-06-15,274.1325440390758,23.21880234741036,-25.014020150970822
117,2020-06-16,274.25022799459737,23.22528020078289,-25.021448424331396
118,2020-06-17,274.36157180090294,23.23139955435329,-25.02846623590176
119,2020-06-18,274.4669108968028,23.23718011933039,-25.035096100396288
120,2020-06-19,274.56656344011196,23.242640531409677,-25.04135930889865
121,2020-06-20,274.6608311600335,23.247798408852987,-25.047275994468635
122,2020-06-21,274.7500001803037,23.25267040821285,-25.052865195131233
123,2020-06-22,274.83434179059367,23.257272275967296,-25.058144912302396
124,2020-06-23,274.91411318036415,23.26161889728695,-25.063132166009467
125,2020-06-24,274.9895581550513,23.26572434348992,-25.067843048635723
126,2020-06-25,275.060907805277,23.269601915905525,-25.072292774649213
127,2020-06-26,275.12838113945,23.273264187048653,-25.076495727308043
128,2020-06-27,275.19218571349455,23.276723041601485,-25.0804655051503
129,2020-06-28,275.25251818004165,23.27998971141824,-25.084214961773938
130,2020-06-29,275.3095648683185,23.283074812970256,-25.087756248337968
131,2020-06-30,275.3635023048152,23.285988380412846,-25.091100851148184
132,2020-07-01,275.41449771365586,23.288739897218647,-25.0942596276291
133,2020-07-02,275.4627094894499,23.291338325863933,-25.09724284010005
134,2020-07-03,275.5082876536038,23.293792136444836,-25.100060188335476
135,2020-07-04,275.5513742839005,23.296109333423033,-25.10272084000823
136,2020-07-05,275.59210392514444,23.298297481126042,-25.105233459721433
137,2020-07-06,275.6306039783701,23.300363727707804,-25.10760623631566
138,2020-07-07,275.66699507003386,23.30231482778936,-25.10984690867437
139,2020-07-08,275.7013914056053,23.30415716414211,-25.111962790427384
140,2020-07-09,275.733901102133,23.30589676789117,-25.11396079299317
141,2020-07-10,275.7646265061769,23.307539337783396,-25.115847447559133
142,2020-07-11,275.7936644945556,23.3090902583441,-25.117628925793554
143,2020-07-12,275.821106761145,23.31055461711935,-25.119311059524676
144,2020-07-13,275.84704009059277,23.31193722106798,-25.120899359450164
145,2020-07-14,275.8715466073252,23.313242611418843,-25.122399032102123
146,2020-07-15,275.8947040301389,23.314475078811313,-25.123814997136606
147,2020-07-16,275.916585900893,23.31563867683957,-25.1251519028053
148,2020-07-17,275.93726180558633,23.31673723510488,-25.12641414086781
149,2020-07-18,275.9567975772399,23.31777437115528,-25.127605860236088
150,2020-07-19,275.9752554975951,23.318753502320305,-25.128730980499682
151,2020-07-20,275.99269451717095,23.31967785859365,-25.129793206652437
152,2020-07-21,276.0091703659612,23.32055048902464,-25.130796036404263
153,2020-07-22,276.0247357753525,23.32137427468598,-25.131742775005506
154,2020-07-23,276.0394406239613,23.322151937096237,-25.132636544882416
155,2020-07-24,276.0533320837651,23.322886046670362,-25.133480295303258
156,2020-07-25,276.06645476337,23.32357903097835,-25.134276811826936
157,2020-07-26,276.0788508758895,23.324233184410218,-25.13502872736123
158,2020-07-27,276.0905603204086,23.324850672811806,-25.13573852747035
159,2020-07-28,276.1016208327505,23.325433542134192,-25.136408560272997
160,2020-07-29,276.11206809653623,23.325983724767923,-25.137041043693614
161,2020-07-30,276.1219358535574,23.32650304582677,-25.137638072655733
162,2020-07-31,276.1312560066493,23.326993228982758,-25.138201625763884
163,2020-08-01,276.14005871908256,23.327455902103225,-25.138733571758166
164,2020-08-02,276.14837251119314,23.327892602720965,-25.139235675778536
