,dates,prediction,+,-
0,2020-03-02,0.0,0.0,0.0
1,2020-03-03,7.0305163156725576e-06,8.715333270707987e-07,-8.731426377247906e-07
2,2020-03-04,0.00011453576358299643,1.4091716030234234e-05,-1.41412481821157e-05
3,2020-03-05,0.0006917864797232021,8.461284137957947e-05,-8.502015380052385e-05
4,2020-03-06,0.0030405503489391032,0.0003704335625849386,-0.00037253589317344646
5,2020-03-07,0.011862270242567538,0.0014419598361157023,-0.0014508469096753164
6,2020-03-08,0.0442313667624867,0.005370708479613455,-0.005405103017914345
7,2020-03-09,0.16211212928636423,0.019674189424552485,-0.01980232099706347
8,2020-03-10,0.5897101129865867,0.07155145735016977,-0.07202101794516991
9,2020-03-11,2.133116923086057,0.25877937151865815,-0.2604859592025732
10,2020-03-12,7.618237751715889,0.9239455894772286,-0.9300964063893673
11,2020-03-13,24.91316187532957,3.015905114375922,-3.0372174706957153
12,2020-03-14,66.67145415388701,8.033961812628547,-8.098902228513708
13,2020-03-15,146.08723842864012,17.49002059024977,-17.656329680404525
14,2020-03-16,274.059985580926,32.56616274663054,-32.92945659073351
15,2020-03-17,458.1508978874284,54.00378128229863,-54.701681254120444
16,2020-03-18,702.5370989046653,82.1174156646374,-83.32936194989725
17,2020-03-19,1008.4318882986571,116.86337891895721,-118.80701656134079
18,2020-03-20,1374.669997511794,157.9245087514439,-160.84972365518001
19,2020-03-21,1798.3019779500098,204.79172937018734,-208.9733347140641
20,2020-03-22,2275.1259474167564,256.83413500996676,-262.5640252724147
21,2020-03-23,2800.130896356771,313.3551952918665,-320.93457907329594
22,2020-03-24,3367.849276976274,373.6355838377672,-383.3677173917026
23,2020-03-25,3972.6274348575084,436.9643714804856,-449.1480576831782
24,2020-03-26,4608.826419115578,502.66068758844267,-517.5846828643316
25,2020-03-27,5270.9661940823225,570.0878855689107,-588.0262671248474
26,2020-03-28,5953.8251443498275,638.6619965686541,-659.8704790341835
27,2020-03-29,6652.505033131802,707.8559490011812,-732.5690976723308
28,2020-03-30,7362.469751555616,777.2007334919444,-805.6299957669044
29,2020-03-31,8079.564521771638,846.2844303511474,-878.6168933323688
30,2020-04-01,8800.020784195229,914.7497985441933,-951.1475757074277
31,2020-04-02,9520.4508123594,982.2909487148518,-1022.8910993501922
32,2020-04-03,10237.835149402572,1048.6494848064067,-1093.5643745584184
33,2020-04-04,10949.505220217208,1113.6103933445847,-1162.928411169887
34,2020-04-05,11653.122877792484,1176.9978767801276,-1230.7844319082542
35,2020-04-06,12346.658198040355,1238.6712673251386,-1296.9699985396055
36,2020-04-07,13028.366491829423,1298.5211121925258,-1361.3552505206226
37,2020-04-08,13696.765237209414,1356.4654875713386,-1423.839321878795
38,2020-04-09,14350.6114334116,1412.4465742802877,-1484.346977111567
39,2020-04-10,14988.879726588862,1466.4275106259029,-1542.8254887986222
40,2020-04-11,15610.741541953697,1518.3895256249325,-1599.2417665135326
41,2020-04-12,16215.545372604749,1568.329347200106,-1653.5797373918085
42,2020-04-13,16802.79830664688,1616.256874140945,-1705.837972072757
43,2020-04-14,17372.148831681232,1662.1930972061855,-1756.0275457475527
44,2020-04-15,17923.37091722358,1706.1682524285206,-1804.1701210416595
45,2020-04-16,18456.349352821588,1748.2201890210345,-1850.2962382223486
46,2020-04-17,18971.066300382445,1788.3929333311244,-1894.4437968658094
47,2020-04-18,19467.58900781044,1826.7354314422882,-1936.6567136547237
48,2020-04-19,19946.058624022116,1863.300453170923,-1976.983740862699
49,2020-04-20,20406.68005005108,1898.1436412196563,-2015.4774306994186
50,2020-04-21,20849.71275845414,1931.3226902090755,-2052.1932313603866
51,2020-04-22,21275.462515316456,1962.8966418425116,-2087.18870188648
52,2020-04-23,21684.27393541177,1992.9252826428165,-2120.5228329638558
53,2020-04-24,22076.523809128972,2021.468633146611,-2152.255462966885
54,2020-04-25,22452.615136884764,2048.5865172813537,-2182.446778332036
55,2020-04-26,22812.97181314869,2074.3382024810817,-2211.15688899043
56,2020-04-27,23158.033903754367,2098.782101693676,-2238.4454701087307
57,2020-04-28,23488.253464422593,2121.9755294821443,-2264.3714623497726
58,2020-04-29,23804.090851357396,2143.9745051914833,-2288.9928235664047
59,2020-04-30,24106.011478448545,2164.833596946697,-2312.3663255859356
60,2020-05-01,24394.48297898289,2184.6058009525223,-2334.5473904083447
61,2020-05-02,24669.97273268687,2203.3424511564954,-2355.5899607030806
62,2020-05-03,24932.94572227069,2221.093154949227,-2375.546400080937
63,2020-05-04,25183.862686484084,2237.905751077502,-2394.4674191062513
64,2020-05-05,25423.178539426055,2253.82628640666,-2412.4020234677046
65,2020-05-06,25651.341028462248,2268.8990085859186,-2429.3974811402622
66,2020-05-07,25868.78960550406,2283.1663720383367,-2445.4993057394495
67,2020-05-08,26075.95448870076,2296.6690550243547,-2460.751253601935
68,2020-05-09,26273.255893977388,2309.445985853712,-2475.195332459465
69,2020-05-10,26461.103414972742,2321.5343763990168,-2488.8718196239497
70,2020-05-11,26639.89553916723,2332.9697617324236,-2501.819288380346
71,2020-05-12,26810.019280525434,2343.786044366556,-2514.0746408293853
72,2020-05-13,26971.84991561906,2354.0155420822957,-2525.6731460022747
73,2020-05-14,27125.750809911962,2363.689038409273,-2536.6484821384292
74,2020-05-15,27272.073324870642,2372.8358350196613,-2547.032782271057
75,2020-05-16,27411.156793482245,2381.483805288499,-2556.8566821975437
76,2020-05-17,27543.328556055316,2389.659448491737,-2566.1493701929976
77,2020-05-18,27668.90404768751,2397.3879441454337,-2574.9386378449162
78,2020-05-19,27788.186929655792,2404.693206096945,-2583.250931501996
79,2020-05-20,27901.46925886658,2411.597936037011,-2591.111403919018
80,2020-05-21,28009.031688853393,2418.123676160485,-2598.5439657217285
81,2020-05-22,28111.143697299536,2424.290860759789,-2605.57133639566
82,2020-05-23,28208.063835396893,2430.118866571498,-2612.2150945429203
83,2020-05-24,28300.039994683462,2435.626061758583,-2618.4957272148713
84,2020-05-25,28387.309688075784,2440.82985340264,-2624.432678141362
85,2020-05-26,28470.100341533787,2445.746733447035,-2630.0443947338645
86,2020-05-27,28548.62959368795,2450.3923230336186,-2635.3483737583847
87,2020-05-28,28623.10560086276,2454.781415201265,-2640.3612056001
88,2020-05-29,28693.727345316598,2458.9280159400914,-2645.09861707261
89,2020-05-30,28760.68494484399,2462.8453835843575,-2649.5755127210978
90,2020-05-31,28824.159962023972,2466.5460665782884,-2653.806014619091
91,2020-06-01,28884.325711761132,2470.0419396144716,-2657.803500633039
92,2020-06-02,28941.347565858036,2473.3442381834066,-2661.580641167424
93,2020-06-03,28995.383253603948,2476.463591571959,-2665.149434406445
94,2020-06-04,29046.583157486708,2479.41005434022,-2668.521240063699
95,2020-06-05,29095.090603293524,2482.193136328402,-2671.706811674365
96,2020-06-06,29141.0421439981,2484.821831236939,-2674.7163274594095
97,2020-06-07,29184.5678369531,2487.3046438312194,-2677.5594198009603
98,2020-06-08,29225.791513968117,2489.6496158159825,-2680.2452033636546
99,2020-06-09,29264.831044018367,2491.864350438318,-2682.7823019123607
100,2020-06-10,29301.798588231108,2493.9560358489944,-2685.178873848141
101,2020-06-11,29336.8008471368,2495.931467300081,-2687.4426365349427
102,2020-06-12,29369.939299987152,2497.7970682097657,-2689.580889442732
103,2020-06-13,29401.310436108095,2499.558910149026,-2691.600536157868
104,2020-06-14,29431.00597832991,2501.222731804137,-2693.5081053118083
105,2020-06-15,29459.11309842144,2502.793956947753,-2695.3097704581887
106,2020-06-16,29485.71462469194,2504.277711478546,-2697.011368956886
107,2020-06-17,29510.88924181053,2505.6788395668955,-2698.618419901526
108,2020-06-18,29534.71168296699,2507.00191895062,-2700.1361411338257
109,2020-06-19,29557.25291448601,2508.2512754197523,-2701.5694653833198
110,2020-06-20,29578.58031317429,2509.4309965430148,-2702.923055586616
111,2020-06-21,29598.757836308476,2510.54494464675,-2704.201319395168
112,2020-06-22,29617.84618473205,2511.5967691143596,-2705.408422942819
113,2020-06-23,29635.90295906504,2512.5899180209817,-2706.548303887528
114,2020-06-24,29652.982809289275,2513.5276491448276,-2707.624683770391
115,2020-06-25,29669.13757787701,2514.413040384199,-2708.641079722027
116,2020-06-26,29684.41643675979,2515.24899961942,-2709.6008155579802
117,2020-06-27,29698.866018129178,2516.03827402947,-2710.5070322726715
118,2020-06-28,29712.5305395282,2516.7834589149315,-2711.3626979872315
119,2020-06-29,29725.451923266977,2517.487006037485,-2712.1706173619605
120,2020-06-30,29737.66991043071,2518.151231507716,-2712.9334405070877
121,2020-07-01,29749.222169652316,2518.778323242517,-2713.653671415057
122,2020-07-02,29760.144400934845,2519.3703480221266,-2714.3336759466147
123,2020-07-03,29770.470434519066,2519.9292581521513,-2714.9756893761405
124,2020-07-04,29780.23232522784,2520.456897771026,-2715.5818235406405
125,2020-07-05,29789.46044231002,2520.9550088087963,-2716.154073598391
126,2020-07-06,29798.183555030886,2521.4252366211076,-2716.6943244236245
127,2020-07-07,29806.42891415185,2521.869135313409,-2717.2043566533393
128,2020-07-08,29814.22232957616,2522.2881727796484,-2717.6858524133604
129,2020-07-09,29821.588244104034,2522.683735454473,-2718.1404007220117
130,2020-07-10,29828.54980371675,2523.057132813403,-2718.569502609891
131,2020-07-11,29835.128924383123,2523.4096016226104,-2718.9745759572106
132,2020-07-12,29841.34635559859,2523.7423099560947,-2719.3569600687697
133,2020-07-13,29847.22174078064,2524.056360991486,-2719.7179199986313
134,2020-07-14,29852.77367471327,2524.3527965999347,-2720.058650641993
135,2020-07-15,29858.019758076338,2524.632600734374,-2720.380280599009
136,2020-07-16,29862.97664929231,2524.8967026343234,-2720.683875830524
137,2020-07-17,29867.66011377034,2525.1459798538563,-2720.9704431135906
138,2020-07-18,29872.085070667865,2525.3812611224675,-2721.2409333073774
139,2020-07-19,29876.265637295135,2525.6033290485902,-2721.496244440372
140,2020-07-20,29880.215171262567,2525.8129226735655,-2721.737224627872
141,2020-07-21,29883.946310532167,2526.0107398878317,-2721.964674832747
142,2020-07-22,29887.47101134911,2526.1974397086415,-2722.1793514688616
143,2020-07-23,29890.800584304507,2526.3736444368515,-2722.3819688667536
144,2020-07-24,29893.945728508,2526.5399416918626,-2722.573201600815
145,2020-07-25,29896.91656402893,2526.696886335976,-2722.7536866902847
146,2020-07-26,29899.722662654003,2526.845002291655,-2722.924025678465
147,2020-07-27,29902.373077067434,2526.984784259246,-2723.0847865982505
148,2020-07-28,29904.876368512585,2527.116699339269,-2723.236505828998
149,2020-07-29,29907.240633006255,2527.2411885643924,-2723.3796898503024
150,2020-07-30,29909.47352621147,2527.3586683481662,-2723.5148169007152
151,2020-07-31,29911.58228700123,2527.469531852832,-2723.6423385442176
152,2020-08-01,29913.573759790826,2527.5741502815217,-2723.7626811502487
153,2020-08-02,29915.45441569119,2527.672874098411,-2723.876247291457
