,dates,prediction,+,-
0,2020-03-05,0.0,0.0,0.0
1,2020-03-06,4.825465169000922e-07,5.981474554769813e-08,-5.992604267626599e-08
2,2020-03-07,7.247794380359382e-06,8.912807497296399e-07,-8.945111052123762e-07
3,2020-03-08,3.818230170287001e-05,4.6631153278359306e-06,-4.687109655315221e-06
4,2020-03-09,0.00013902142148650517,1.688691689429958e-05,-1.6993838827593355e-05
5,2020-03-10,0.0004308582857801573,5.213685150317536e-05,-5.251043503527497e-05
6,2020-03-11,0.0012394987938841363,0.00014962150200420162,-0.00015077298035427885
7,2020-03-12,0.0034445362746356855,0.0004151977989269645,-0.000418521412982281
8,2020-03-13,0.009420462581918906,0.0011346318843473285,-0.001143904904204884
9,2020-03-14,0.025570605514289125,0.0030785355291993548,-0.0031039651723219416
10,2020-03-15,0.06913613984763416,0.008321713737479405,-0.00839083953963915
11,2020-03-16,0.18643971921908345,0.022438269887677553,-0.022625276852908494
12,2020-03-17,0.5015497296529269,0.060356157678078004,-0.060860471323812226
13,2020-03-18,1.3451196809953143,0.16185358909756187,-0.16320970781512334
14,2020-03-19,3.590460944024606,0.43196228052486907,-0.4355958602982093
15,2020-03-20,9.495974074949102,1.1421199963648139,-1.151798609554076
16,2020-03-21,24.43255412190064,2.936146889043915,-2.9615709643422825
17,2020-03-22,58.08365919088916,6.963075003109289,-7.027128819616308
18,2020-03-23,122.5806847438514,14.630606303406665,-14.779348048635185
19,2020-03-24,229.76635374810198,27.263893001931507,-27.57608676555779
20,2020-03-25,389.5247009246585,45.90846109206103,-46.50232411093606
21,2020-03-26,609.0941707810027,71.26017536342613,-72.29653620389547
22,2020-03-27,892.9867537446031,103.67075514144085,-105.35278492889915
23,2020-03-28,1243.2272797462433,143.1909252855976,-145.76106552687747
24,2020-03-29,1659.7325489583586,189.62787137437522,-193.36272761467012
25,2020-03-30,2140.726346681854,242.60398868545053,-247.80793374356358
26,2020-03-31,2683.1353418207464,301.6104125866118,-308.608538052883
27,2020-04-01,3282.9403022853003,366.0526425753874,-375.1835657135575
28,2020-04-02,3935.473829598019,435.28768629222805,-446.8965896126142
29,2020-04-03,4635.664798371356,508.6532273176854,-523.0853932190757
30,2020-04-04,5378.234050838988,585.4897948378675,-603.084802622182
31,2020-04-05,6157.847652730786,665.1570561721301,-686.2437336493049
32,2020-04-06,6969.234330006131,747.0453196546187,-771.9374847502468
33,2020-04-07,7807.273326296527,830.5832251861848,-859.5762115295438
34,2020-04-08,8667.058220793477,915.2424594480617,-948.6103911025002
35,2020-04-09,9543.941451890529,1000.5401908153854,-1038.5339524297924
36,2020-04-10,10433.563526766131,1086.0397898667852,-1128.8856272389476
37,2020-04-11,11331.870201606067,1171.3502884234822,-1219.2489688933674
38,2020-04-12,12235.120318833164,1256.1249354478914,-1309.251396159867
39,2020-04-13,13139.886459469108,1340.0591282116184,-1398.5625416578678
40,2020-04-14,14043.050178087928,1422.8879367468817,-1486.8921266389189
41,2020-04-15,14941.793208668192,1504.383385843199,-1573.9875309873987
42,2020-04-16,15833.585770503281,1584.351619987241,-1659.6311895539966
43,2020-04-17,16716.172837826813,1662.630043009427,-1743.637912010312
44,2020-04-18,17587.559095206627,1739.084502572914,-1825.8522023829755
45,2020-04-19,18445.993118263617,1813.6065655387793,-1906.145630225681
46,2020-04-20,19289.95120253774,1886.1109191408614,-1984.41429331174
47,2020-04-21,20118.121174130705,1956.5329177984095,-2060.5763971861124
48,2020-04-22,20929.386428162376,2024.826290187044,-2134.569970320823
49,2020-04-23,21722.810389644143,2090.961012084801,-2206.3507248675814
50,2020-04-24,22497.621521256788,2154.921343042104,-2275.8900650227442
51,2020-04-25,23253.19898176857,2216.7040290431396,-2343.173247747014
52,2020-04-26,23989.059002524376,2276.3166629308944,-2408.1976911670718
53,2020-04-27,24704.842013872407,2333.7761957989715,-2470.971426126689
54,2020-04-28,25400.3005444962,2389.107591655702,-2531.5116853514155
55,2020-04-29,26075.287898799794,2442.3426164454286,-2589.8436231932574
56,2020-04-30,26729.747601624862,2493.518751757052,-2645.9991578424924
57,2020-05-01,27363.7035947654,2542.678224163279,-2700.0159282397144
58,2020-05-02,27977.251162821074,2589.8671411363503,-2751.936357714654
59,2020-05-03,28570.548558747345,2635.1347244215285,-2801.8068161118754
60,2020-05-04,29143.809286380278,2678.532631027094,-2849.676871207357
61,2020-05-05,29697.29503822739,2720.114357925806,-2895.5986261590224
62,2020-05-06,30231.309217592538,2759.9347179466677,-2939.6261308252615
63,2020-05-07,30746.19102834099,2798.049382532321,-2981.8148629289644
64,2020-05-08,31242.310089245457,2834.514483688832,-3022.2212716036083
65,2020-05-09,31720.061551080213,2869.3862705146785,-3060.9023789185667
66,2020-05-10,32179.861658989237,2902.720812164469,-3097.915431145251
67,2020-05-11,32622.14375591888,2934.5737452240683,-3133.317597947931
68,2020-05-12,33047.35467211767,2965.000058255464,-3167.165712069698
69,2020-05-13,33455.95148432471,2994.053910751798,-3199.5160467758215
70,2020-05-14,33848.398612696335,3021.788482212978,-3230.4241266544923
71,2020-05-15,34225.16522501967,3048.2558475781843,-3259.944567854567
72,2020-05-16,34586.72292772259,3073.5068762985684,-3288.1309449585788
73,2020-05-17,34933.54371958381,3097.5911521503367,-3315.035681447909
74,2020-05-18,35266.098181570094,3120.5569109075004,-3340.7099606805386
75,2020-05-19,35584.853887102545,3142.450993996761,-3365.203655402798
76,2020-05-20,35890.27401180131,3163.318815936662,-3388.565273425542
77,2020-05-21,36182.816123416094,3183.2043436504464,-3410.84191738096
78,2020-05-22,36462.93113645192,3202.1500861148306,-3432.0792568816614
79,2020-05-23,36731.062417139685,3220.1970929502204,-3452.3215115521016
80,2020-05-24,36987.6450232994,3237.3849605793803,-3471.6114433994007
81,2020-05-25,37233.10506537918,3253.751844796476,-3489.990357217539
82,2020-05-26,37467.859178616614,3269.334478843266,-3507.4981080157595
83,2020-05-27,37692.314094196176,3284.1681960375427,-3524.1731143767465
84,2020-05-28,37906.866298673696,3298.286956150063,-3540.052376814034
85,2020-05-29,38111.90177327304,3311.723374885267,-3555.171500384022
86,2020-05-30,38307.79580449949,3324.5087558544838,-3569.5647208366718
87,2020-05-31,38494.91285792345,3336.673124495821,-3583.2649336556715
88,2020-06-01,38673.60650765666,3348.245263477882,-3596.303725428006
89,2020-06-02,38844.21941615599,3359.2527492155277,-3608.7114071033793
90,2020-06-03,39007.08335763061,3369.721989123296,-3620.517048677939
91,2020-06-04,39162.51927981434,3379.678259313114,-3631.7485149386994
92,2020-06-05,39310.837399204866,3389.145742481356,-3642.432501945783
93,2020-06-06,39452.33732564398,3398.1475657658157,-3652.594573976792
94,2020-06-07,39587.30821207429,3406.7058383789918,-3662.25920068087
95,2020-06-08,39716.028925747996,3414.841688860426,-3671.449794231805
96,2020-06-09,39838.76823767105,3422.5753018192845,-3680.1887463048115
97,2020-06-10,39955.78502749026,3429.925954050792,-3688.4974647211857
98,2020-06-11,40067.328501094926,3436.9120499369747,-3696.3964096300333
99,2020-06-12,40173.638418556264,3443.5511560537925,-3703.90512911509
100,2020-06-13,40274.945330221795,3449.8600349347107,-3711.0422941428697
101,2020-06-14,40371.47081917737,3455.8546779373064,-3717.8257327724277
102,2020-06-15,40463.427748331924,3461.550337180619,-3724.2724635680133
103,2020-06-16,40551.020510640796,3466.9615565272397,-3730.39872816531
104,2020-06-17,40634.44528110679,3472.1022015929993,-3736.2200229537993
105,2020-06-18,40713.89026939025,3476.985488780636,-3741.7511298522586
106,2020-06-19,40789.53597200549,3481.6240133329484,-3747.0061461573714
107,2020-06-20,40861.55542318587,3486.02977640483,-3751.998513450104
108,2020-06-21,40930.114443628474,3490.2142111655703,-3756.7410455581557
109,2020-06-22,40995.37188641316,3494.188207937892,-3761.245955569728
110,2020-06-23,41057.47987951762,3497.9621383945196,-3765.524881909296
111,2020-06-24,41116.58406440969,3501.5458788239484,-3769.5889134784666
112,2020-06-25,41172.82383030152,3504.948832490365,-3773.4486138791617
113,2020-06-26,41226.33254371033,3508.179951107355,-3777.114044732618
114,2020-06-27,41277.23777295846,3511.247755436816,-3780.594788099508
115,2020-06-28,41325.66150745729,3514.1603550544096,-3783.8999680379566
116,2020-06-29,41371.720371526426,3516.925467293506,-3787.0382713075232
117,2020-06-30,41415.52583260347,3519.550435395453,-3790.017967243286
118,2020-07-01,41457.18440378439,3522.04224589753,-3792.846926829123
119,2020-07-02,41496.79784051071,3524.4075452687466,-3795.532640977399
120,2020-07-03,41534.46333147409,3526.652655835569,-3798.082238056093
121,2020-07-04,41570.27368366519,3528.783591013722,-3800.5025006776705
122,2020-07-05,41604.31750157808,3530.8060698719564,-3802.799881775012
123,2020-07-06,41636.67936059886,3532.7255310527617,-3804.9805199883267
124,2020-07-07,41667.4399746758,3534.547146079116,-3807.0502543923867
125,2020-07-08,41696.67635821085,3536.2758320579887,-3809.0146385735134
126,2020-07-09,41724.46198240162,3537.916263820014,-3810.878954097454
127,2020-07-10,41750.86692602259,3539.472885507086,-3812.6482233788993
128,2020-07-11,41775.95802077586,3540.949921633437,-3814.3272219790815
129,2020-07-12,41799.79899134215,3542.35138764359,-3815.920490355951
130,2020-07-13,41822.45059020143,3543.6810999836816,-3817.4323450831507
131,2020-07-14,41843.970727364474,3544.942685708571,-3818.8668895616865
132,2020-07-15,41864.41459516421,3546.1395916461115,-3820.228024246622
133,2020-07-16,41883.834788204564,3547.275093134813,-3821.5194564056364
134,2020-07-17,41902.28141860295,3548.3523023535527,-3822.744709429113
135,2020-07-18,41919.80222670827,3549.3741762650825,-3823.907131715292
136,2020-07-19,41936.44268732633,3550.343524181393,-3825.009905138373
137,2020-07-20,41952.246111690394,3551.263014976481,-3826.0560531273295
138,2020-07-21,41967.25374526328,3552.13518395766,-3827.048448367357
139,2020-07-22,41981.50486151113,3552.962439411429,-3827.9898201407486
140,2020-07-23,41995.03685177675,3553.7470688377143,-3828.882761322835
141,2020-07-24,42007.885311426726,3554.4912448901887,-3829.729735051311
142,2020-07-25,42020.0841223172,3555.197031028918,-3830.5330810763044
143,2020-07-26,42031.665531785286,3555.866386904927,-3831.295021812264
144,2020-07-27,42042.66022826368,3556.501173486424,-3832.017668102293
145,2020-07-28,42053.09741363498,3557.1031579382034,-3832.70302470748
146,2020-07-29,42063.00487245131,3557.6740182658905,-3833.352995533998
147,2020-07-30,42072.40903814796,3558.215347736703,-3833.969388610858
148,2020-07-31,42081.33505636033,3558.7286590866934,-3834.553920829043
149,2020-08-01,42089.806845418425,3559.2153885216685,-3835.1082224501224
150,2020-08-02,42097.84715420341,3559.6768995268067,-3835.6338414009224
