,dates,prediction,+,-
0,2020-03-03,0.0,0.0,0.0
1,2020-03-04,5.882513035463513e-07,7.291856055621155e-08,-7.305401526104173e-08
2,2020-03-05,8.990777212629602e-06,1.1057391645577717e-06,-1.1097204102260018e-06
3,2020-03-06,4.876615903226562e-05,5.957681118439418e-06,-5.987897165535828e-06
4,2020-03-07,0.0001848500604775084,2.246901811616954e-05,-2.2607899838147553e-05
5,2020-03-08,0.0006020457620019395,7.293063716936796e-05,-7.343581025314426e-05
6,2020-03-09,0.0018326730442101084,0.00022154522515964556,-0.00022317964240500658
7,2020-03-10,0.005411837863292969,0.0006534585637335607,-0.0006584424541818627
8,2020-03-11,0.015758196686311943,0.0019015702235767144,-0.001916323359040838
9,2020-03-12,0.04555067622382002,0.005494858563208936,-0.00553787764754983
10,2020-03-13,0.1310107317372632,0.015800806809641632,-0.01592520370494485
11,2020-03-14,0.37495929511440357,0.04521503462074328,-0.045572656714054915
12,2020-03-15,1.0663617683314104,0.12856394227544765,-0.12958622380025253
13,2020-03-16,3.0028458692466033,0.36192903881269656,-0.36482961363573985
14,2020-03-17,8.298522431756107,0.9996744022720989,-1.0078037397035722
15,2020-03-18,21.94044469263142,2.639684541473798,-2.661889120530752
16,2020-03-19,53.0839603966495,6.3693021123865705,-6.426688319809855
17,2020-03-20,114.40664185184244,13.668779486442645,-13.804742239762035
18,2020-03-21,220.31697463488115,26.180200564349946,-26.47174717192675
19,2020-03-22,385.317249148774,45.505231296508725,-46.07349662711772
20,2020-03-23,622.8669110267948,73.07192457080339,-74.09050576702896
21,2020-03-24,944.7024736672314,110.06190162690734,-111.76237428443062
22,2020-03-25,1360.4965793860006,157.38088770635363,-160.05538963471008
23,2020-03-26,1877.7480345505394,215.65758364414683,-219.65867457382956
24,2020-03-27,2501.8202335658193,285.2597013565587,-290.99787865835196
25,2020-03-28,3236.069489242121,366.3194490145406,-374.25877008800944
26,2020-03-29,4082.0235086175185,458.76337672856835,-469.415646497127
27,2020-03-30,5039.583692601198,562.3433488689516,-576.2613015513352
28,2020-03-31,6107.234279175641,676.6666706015931,-694.4365274699203
29,2020-04-01,7282.24768097064,801.2242433956026,-823.4579711863762
30,2020-04-02,8560.879569735473,935.4161536961583,-962.7436930754529
31,2020-04-03,9938.550046945526,1078.5744570638526,-1111.636135518669
32,2020-04-04,11410.0090950833,1229.9831324700572,-1269.4224274538683
33,2020-04-05,12969.485678882762,1388.8953114809192,-1435.352086583198
34,2020-04-06,14610.820627030582,1554.5479607296002,-1608.6522607839597
35,2020-04-07,16327.583900885624,1726.1742345931016,-1788.5406945731938
36,2020-04-08,18113.177134569913,1903.0137282327014,-1974.2366253442306
37,2020-04-09,19960.922478059427,2084.32086088082,-2164.9698185686066
38,2020-04-10,21864.13889955821,2269.371617169385,-2359.9879535250766
39,2020-04-11,23816.20701212211,2457.4688473257083,-2558.5625476719288
40,2020-04-12,25810.623548684704,2647.9463200568825,-2759.9936047227347
41,2020-04-13,27841.046573238866,2840.171709124974,-2963.6131583321076
42,2020-04-14,29901.332413252792,3033.5486669872553,-3168.787861663379
43,2020-04-15,31985.56525604202,3227.5181198425416,-3374.9207612134705
44,2020-04-16,34088.08022265271,3421.558926854639,-3581.452372906988
45,2020-04-17,36203.4808631029,3615.187972115382,-3787.861185310565
46,2020-04-18,38326.65163119491,3807.9598713547675,-3993.663668242094
47,2020-04-19,40452.76598777407,3999.4662492135467,-4198.413872945886
48,2020-04-20,42577.290924438574,4189.334778382559,-4401.70271801926
49,2020-04-21,44695.98826430348,4377.227976839567,-4603.157005646266
50,2020-04-22,46804.913275858125,4562.841831609709,-4802.4382266030225
51,2020-04-23,48900.4110504506,4745.904322694558,-4999.2412349156
52,2020-04-24,50979.11094419692,4926.173811525092,-5193.292751384091
53,2020-04-25,53037.91952127284,5103.4374180226805,-5384.349835327703
54,2020-04-26,55074.01222158122,5277.509352592155,-5572.198280458419
55,2020-04-27,57084.824040204505,5448.229244747512,-5756.650989750524
56,2020-04-28,59068.039435815444,5615.460483927054,-5937.546334704326
57,2020-04-29,61021.581721559196,5779.08859335017,-6114.746549958065
58,2020-04-30,62943.60195180003,5939.019634728269,-6288.136118347051
59,2020-05-01,64832.467670154605,6095.178669754205,-6457.620216129777
60,2020-05-02,66686.75148891869,6247.50827788256,-6623.123198311332
61,2020-05-03,68505.2196574,6395.967131173442,-6784.5871350939415
62,2020-05-04,70286.82071820075,6540.52863181023,-6941.970403106665
63,2020-05-05,72030.67431326657,6681.179633578286,-7095.246345009946
64,2020-05-06,73736.0601976763,6817.919190774133,-7244.401980059629
65,2020-05-07,75402.40752547175,6950.7574368178175,-7389.436783510377
66,2020-05-08,77029.284471134,7079.714490886763,-7530.361554126357
67,2020-05-09,78616.3881872423,7204.81942247416,-7667.197317282349
68,2020-05-10,80163.5351059711,7326.109309928477,-7799.974299855632
69,2020-05-11,81670.65164152446,7443.628342533222,-7928.730971970159
70,2020-05-12,83137.76527801335,7557.427031460669,-8053.513156141387
71,2020-05-13,84564.99617346191,7667.561379131992,-8174.373201841794
72,2020-05-14,85952.54899117936,7774.09222844131,-8291.36919391941
73,2020-05-15,87300.70527942167,7877.0845659073675,-8404.564230145697
74,2020-05-16,88609.8162151836,7976.606898258542,-8514.02575747334
75,2020-05-17,89880.29575442134,8072.730854624737,-8619.824950829134
76,2020-05-18,91112.61418832172,8165.530323012892,-8722.03614599118
77,2020-05-19,92307.29202324705,8255.081392691282,-8820.736304509715
78,2020-05-20,93464.89442943933,8341.461682285706,-8916.004550354017
79,2020-05-21,94586.02578383303,8424.75000958894,-9007.921723421096
80,2020-05-22,95671.32473743726,8505.02604170164,-9096.569956112391
81,2020-05-23,96721.45956583481,8582.369901818747,-9182.032341866143
82,2020-05-24,97737.12383098323,8656.862024453323,-9264.392560113483
83,2020-05-25,98719.03243164488,8728.582785045583,-9343.734615422683
84,2020-05-26,99667.91784137583,8797.612311613906,-9420.142526670548
85,2020-05-27,100584.5267243069,8864.03024726121,-9493.700122416616
86,2020-05-28,101469.61672007777,8927.91558568507,-9564.490779744287
87,2020-05-29,102323.95357255984,8989.34649736408,-9632.59725934964
88,2020-05-30,103148.30843876506,9048.400192048357,-9698.101513057467
89,2020-05-31,103943.45544903894,9105.15277115439,-9761.084527880215
90,2020-06-01,104710.16947930332,9159.679135085637,-9821.626211740484
91,2020-06-02,105449.22409655053,9212.052900578172,-9879.805241326772
92,2020-06-03,106161.38975075762,9262.346275183168,-9935.698981647889
93,2020-06-04,106847.43208466876,9310.630026459781,-9989.383394556527
94,2020-06-05,107508.11043236316,9356.973411862331,-10040.932961553088
95,2020-06-06,108144.1764724641,9401.444140509615,-10090.420607958557
96,2020-06-07,108756.37304228102,9444.1083113793,-10137.917669158516
97,2020-06-08,109345.43305096937,9485.030409861502,-10183.493838242779
98,2020-06-09,109912.07854398242,9524.273274315012,-10227.217138392662
99,2020-06-10,110457.01987327478,9561.898093666707,-10269.15389267003
100,2020-06-11,110980.95497966472,9597.964389386558,-10309.36870685454
101,2020-06-12,111484.56877629769,9632.530014596312,-10347.92446335747
102,2020-06-13,111968.53261988344,9665.651161825197,-10384.882315350842
103,2020-06-14,112433.50386879986,9697.38237033473,-10420.301688769934
104,2020-06-15,112880.12551936685,9727.776538664257,-10454.240288614747
105,2020-06-16,113309.02591379163,9756.884941247263,-10486.75410704124
106,2020-06-17,113720.81851663627,9784.75724575219,-10517.897441072739
107,2020-06-18,114116.10174915454,9811.441535809689,-10547.722910162585
108,2020-06-19,114495.4588793631,9836.984335629968,-10576.281477320357
109,2020-06-20,114859.45796255529,9861.430636689547,-10603.622473038486
110,2020-06-21,115208.65182766372,9884.82392610464,-10629.793621034303
111,2020-06-22,115543.57810520983,9907.206215965867,-10654.841067080284
112,2020-06-23,115864.75929212112,9928.618074599872,-10678.80940883793
113,2020-06-24,116172.70285033392,9949.09865874608,-10701.741727196117
114,2020-06-25,116467.90133560299,9968.685746521238,-10723.679618379829
115,2020-06-26,116750.83255346076,9987.415770810738,-10744.663227682919
116,2020-06-27,117021.95973964538,10005.32385262812,-10764.731284895373
117,2020-06-28,117281.73175991731,10022.443837093117,-10783.921137993413
118,2020-06-29,117530.58332975722,10038.808327093866,-10802.268788705958
119,2020-06-30,117768.93525005339,10054.448717789419,-10819.808927804334
120,2020-07-01,117997.19465676932,10069.395231279152,-10836.574970182104
121,2020-07-02,118215.75528361529,10083.676949947432,-10852.599092866323
122,2020-07-03,118424.99773294975,10097.32185145437,-10867.91226936283
123,2020-07-04,118625.28975552734,10110.356842967914,-10882.544304644834
124,2020-07-05,118816.98653537543,10122.807796729263,-10896.523870880512
125,2020-07-06,119000.43098596737,10134.69957992161,-10909.878539435056
126,2020-07-07,119175.95405239209,10146.056080802999,-10922.634820420673
127,2020-07-08,119343.87499826796,10156.90025285253,-10934.818194692896
128,2020-07-09,119504.50171243807,10167.25414090135,-10946.453144325133
129,2020-07-10,119658.1310117463,10177.138911092436,-10957.563189874927
130,2020-07-11,119805.04894305844,10186.574880875516,-10968.170917553362
131,2020-07-12,119945.5310828259,10195.581549910727,-10978.298015419423
132,2020-07-13,120079.84283732742,10204.177623439944,-10987.965301989272
133,2020-07-14,120208.23974096781,10212.381049154399,-10997.192756577366
134,2020-07-15,120330.96774767395,10220.20904958775,-11005.99955008422
135,2020-07-16,120448.2635236106,10227.67812863081,-11014.404069999204
136,2020-07-17,120560.35473678236,10234.804108405428,-11022.423954520098
137,2020-07-18,120667.46033341522,10241.602158914393,-11030.0761170052
138,2020-07-19,120769.79082144341,10248.08681761814,-11037.376763702123
139,2020-07-20,120867.54855143049,10254.27200480894,-11044.341440091419
140,2020-07-21,120960.92796735321,10260.171064069713,-11050.985036762198
141,2020-07-22,121050.1158818376,10265.796774012924,-11057.321822722515
142,2020-07-23,121135.29172883791,10271.161373096926,-11063.36546529959
143,2020-07-24,121216.62782087042,10276.276575300304,-11069.129058093677
144,2020-07-25,121294.28958871072,10281.153599456025,-11074.625137913681
145,2020-07-26,121368.43582566417,10285.80318092549,-11079.865708553363
146,2020-07-27,121439.2189195732,10290.235587610136,-11084.862262786992
147,2020-07-28,121506.78508159672,10294.460663427686,-11089.625799316913
148,2020-07-29,121571.27457033431,10298.487809700353,-11094.166845101077
149,2020-07-30,121632.82190356686,10302.326025765244,-11098.495476853539
150,2020-07-31,121691.55606760847,10305.983922832442,-11102.621323921689
151,2020-08-01,121747.60073800727,10309.469723345348,-11106.553611043666
152,2020-08-02,121801.07445287817,10312.791300592347,-11110.301154400615
